data/images/000115677m_1000x.jpg 251,83,743,916,1
data/images/000129430_2m_1200x1200.jpg 149,403,326,609,2 313,364,473,606,1 457,356,698,617,0 865,399,973,607,3
data/images/00028400132916_e4S8CyQjkUVJQ_0_s500.jpg
data/images/0003647_papas_con_sal_sabritas_45_gr_510.png 123,21,385,476,0
data/images/000805060_2m_1200x1200.jpg 46,430,154,610,3 323,414,429,617,1 410,412,527,619,0 535,409,646,517,2
data/images/00750101116767L.jpg 84,20,317,382,2
data/images/0750101111561L.jpg 166,45,533,663,0
data/images/16ASAB201_1.jpg 235,27,769,983,2
data/images/170630_dsc_0307.jpeg 161,70,420,573,2
data/images/1797592_638315646204641_2137092004_n_600x344.png 332,76,446,270,0
data/images/1_52.png 273,132,438,385,0
data/images/201810171440_51740246.jpg 98,3,202,196,3
data/images/20308.jpg 157,37,550,662,1
data/images/24_cheetos_torciditos_reloj_de_cristal_biselado_chester_D_NQ_NP_788781_MLM28014535347_082018_F.jpg 302,178,663,773,3
data/images/2579420248_6a1d2364e8.jpg 3,6,288,495,3
data/images/2Q__(1).jpg 14,3,210,221,1
data/images/2Q__(10).jpg 52,13,170,213,0
data/images/2Q__(11).jpg 41,23,155,233,0
data/images/2Q__(12).jpg 35,5,187,217,0
data/images/2Q__(13).jpg 49,7,175,210,3
data/images/2Q__(14).jpg 56,17,169,210,1
data/images/2Q__(2).jpg 59,4,186,195,1
data/images/2Q__(3).jpg 47,9,180,216,1
data/images/2Q__(4).jpg 41,3,179,220,1
data/images/2Q__(5).jpg 57,15,169,214,0
data/images/2Q__(6).jpg 40,11,153,246,0
data/images/2Q__(7).jpg 41,6,183,215,0
data/images/2Q__(8).jpg 54,8,171,210,3
data/images/2Q__(9).jpg 54,19,167,208,1
data/images/2Q__.jpg 53,13,176,209,1
data/images/300_300(1).png 78,81,220,281,0
data/images/300_300(2).png 87,14,215,278,2
data/images/300_300(3).png 73,12,227,283,0
data/images/300_300.png 91,22,216,278,3
data/images/309913_42653781.jpg 217,35,801,961,3
data/images/312353.jpg 54,27,538,736,2
data/images/3272.jpg
data/images/3514549520_ef304930f0_z.jpg 1,1,294,476,3
data/images/3609_home_default.jpg 79,33,195,234,0
data/images/3650778570_37f1a9006d_b.jpg
data/images/371034_1318130819.jpg 63,49,477,749,2
data/images/480.jpg 193,5,435,476,3
data/images/4_bolsas_cheetos_torciditos_255_grs_D_NQ_NP_827942_MLM31947692499_082019_F.jpg 58,68,480,836,3
data/images/50B204FC_1CC7_DCFE_4ADB_A83217827CE7.jpeg
data/images/51YxpYJVM6L.jpg 16,5,113,191,2 138,7,235,194,2 259,11,351,193,2 379,9,474,193,2
data/images/5901904_1672401.JPG
data/images/5_bolsas_sabritas_170_grs_D_NQ_NP_702004_MLM29129279811_012019_Q.jpg 78,24,214,269,0
data/images/617qKYbeObL.jpg 59,34,259,366,3 295,32,479,367,3 514,32,704,364,3 745,33,929,366,3
data/images/6afbcd66e84a8f0a308421a91e6e6bab.jpg 343,41,610,435,3
data/images/744c0b08f09b74dec870a82f997faca3.jpg 599,82,938,698,2 910,40,1232,611,2 277,19,528,466,2
data/images/7500478001859_00_CH515Wx515H.jpg 57,25,452,493,3
data/images/7500478001934_00_CH515Wx515H.jpg 116,35,400,488,1
data/images/7500478011148_00_CH515Wx515H.jpg
data/images/7501011115705_240x.png 11,11,222,389,2
data/images/7501011131217_3.jpg 268,101,743,907,2
data/images/750101114324_00_CH515Wx515H.jpg
data/images/7501011143586_600x.png 13,17,227,357,3
data/images/7501011144743_2_800x.png 89,208,227,386,0 250,209,393,389,2 412,209,549,390,1 473,488,584,634,3
data/images/7501011153097_00_CH515Wx515H.jpg 39,17,450,487,0
data/images/7501011153127_00_CH515Wx515H.jpg 72,36,457,491,2
data/images/7501011161207.jpg 20,43,221,343,3
data/images/7501011167605_3.jpg 11,9,526,983,3
data/images/750101116765_00_CH515Wx515H.jpg 119,32,394,484,0
data/images/7501011169715_2_1400x.png 44,168,260,478,0 302,196,501,485,1 730,193,917,483,2 680,565,832,826,3
data/images/751d2928_sabritas_ryan_reynolds_1.jpg
data/images/81Fswrns0RL.jpg 76,117,486,923,2 672,103,1103,951,2 1255,82,1693,927,2
data/images/81g8MB1IdGL.jpg 203,103,1136,1942,3
data/images/913QqO_iIYL.jpg 342,208,1574,2284,2
data/images/9k_(1).jpg 49,13,176,211,1
data/images/9k_(2).jpg 14,15,163,259,1
data/images/9k_(3).jpg 54,19,166,207,1
data/images/9k_(4).jpg 51,8,174,209,1
data/images/9k_(5).jpg 165,38,221,131,0
data/images/9k_(6).jpg 15,7,199,213,0
data/images/9k_(7).jpg 166,36,219,133,0
data/images/9k_(8).jpg 16,6,197,215,0
data/images/9k_.jpg 60,14,165,210,1
data/images/a9c670_879a37a92a834dd599e883c44a17d641_mv2.jpg 136,48,341,445,3
data/images/botana_sabritas_cheetos_torcidito_queso_D_NQ_NP_637520_MLM27760675436_072018_Q.jpg 64,17,216,266,3
data/images/B_ixGA2CYAA7YNZ.jpg 99,23,657,967,2
data/images/caja_papas_sabritas_cheetos_pack_en_1_paquete_con_30_piezas_pepsico.jpg 105,16,356,428,3
data/images/caja_papas_sabritas_ruffles_queso_pack_en_1_paquete_con_30_piezas_pepsico(2).jpg 98,14,356,444,2
data/images/caja_papas_sabritas_ruffles_queso_pack_en_1_paquete_con_30_piezas_pepsico.jpg 99,12,354,445,2
data/images/cheetosnuevos.jpg 24,25,225,328,3
data/images/CheetosTorciditos3_300x300.JPG 1,3,165,294,3
data/images/Cheetos_3.jpg 10,33,92,155,3 110,37,187,155,3 208,36,290,156,3
data/images/cheetos_bolitas_chico_sabritas.jpg
data/images/cheetos_bolitas_sabritas_mexican_chips_42_g_each_1_2_or_3_bags.jpg
data/images/cheetos_crunchy_large.jpg
data/images/cheetos_torciditos(1).jpg 211,21,385,349,3
data/images/Cheetos_Torciditos.jpg 1,3,146,250,3
data/images/cheetos_torciditos_150g_800x923.jpg 180,70,606,852,3
data/images/cheetos_torciditos_150_g.jpg 350,172,825,1031,3
data/images/cheetos_torciditos_sabor_queso_y_chile_100_g.jpg 334,164,840,1028,3
data/images/cheetos_torciditos_sabritas(2).jpg 138,87,302,377,3
data/images/cheetos_torciditos_sabritas.jpg 138,89,304,379,3
data/images/CHIPS_AU_FROMAGE_AZTEK_COMPTOIR_MEXICAIN_ml.png 152,42,659,983,2
data/images/doritos_sabritas_nachos_de_340_grs_D_NQ_NP_765445_MLM31368818230_072019_Q.jpg 15,14,165,266,1
data/images/e5d7f9e7_6fcb_4dcf_8b0e_f8398eede1f1.jpg 5,37,177,295,2
data/images/egASsqQIXmsUqxedopewaqLsMFvxGBc6uQJ_HJngRQ0NDoP0UApl2lMwbzZCX7_kZfxyedI4VCUtEfIHfcJhG9TN0f4ycSs6davF.jpg 77,43,221,247,2
data/images/grupo_mil_empleados_presencia_paises.jpg 244,460,373,592,2 369,463,467,595,2 462,467,565,596,2 585,470,681,593,2 687,460,771,593,2 174,22,292,167,0 317,49,424,170,0 428,36,546,174,0 553,42,664,172,0 665,68,769,179,0
data/images/image(1).jpg 93,15,308,380,2
data/images/image.jpg 85,14,316,387,2
data/images/images(1).jpg 50,9,173,215,1
data/images/images(10).jpg 26,37,184,233,1
data/images/images(11).jpg 47,13,177,210,1
data/images/images(12).jpg 40,30,184,193,1
data/images/images(13).jpg 1,1,188,265,1
data/images/images(14).jpg 9,16,171,254,1
data/images/images(15).jpg 64,38,157,176,1 154,62,214,170,0
data/images/images(16).jpg 37,25,184,201,1
data/images/images(17).jpg 33,3,191,222,1
data/images/images(18).jpg 68,27,185,171,1
data/images/images(19).jpg 35,6,182,219,1
data/images/images(2).jpg 48,31,175,179,1
data/images/images(20).jpg 43,3,181,224,1
data/images/images(21).jpg 6,4,193,246,1
data/images/images(22).jpg 24,32,194,225,1
data/images/images(23).jpg 127,17,206,129,1 87,22,133,126,1 58,28,97,121,1 36,30,62,117,1
data/images/images(24).jpg 34,14,189,214,1
data/images/images(25).jpg 4,3,196,242,1
data/images/images(26).jpg
data/images/images(27).jpg 17,42,174,249,1
data/images/images(28).jpg 47,15,162,213,1
data/images/images(29).jpg 6,9,138,182,1
data/images/images(3).jpg 18,49,168,207,1
data/images/images(30).jpg 18,3,163,250,1
data/images/images(33).jpg 40,38,187,220,1
data/images/images(34).jpg
data/images/images(35).jpg 48,64,120,186,0
data/images/images(36).jpg 36,3,186,219,1
data/images/images(37).jpg 35,11,189,213,1
data/images/images(38).jpg 80,4,216,166,1
data/images/images(39).jpg 24,21,168,242,1
data/images/images(4).jpg 177,105,235,169,1 115,101,174,173,1 50,96,106,175,1 170,69,234,99,1 112,61,170,103,1 47,67,107,103,1
data/images/images(40).jpg
data/images/images(41).jpg 98,74,178,172,1
data/images/images(42).jpg 31,15,194,210,1
data/images/images(43).jpg 22,10,192,219,1
data/images/images(44).jpg
data/images/images(45).jpg 76,1,224,166,1
data/images/images(46).jpg 52,3,173,221,1
data/images/images(47).jpg 136,4,247,125,1
data/images/images(48).jpg 173,9,299,148,1 8,8,138,151,1
data/images/images(49).jpg 12,7,187,246,1
data/images/images(5).jpg 33,10,194,215,1
data/images/images(50).jpg 110,94,212,210,1 14,91,108,199,0 108,16,196,88,3
data/images/images(52).jpg 51,6,165,215,1
data/images/images(53).jpg 8,5,164,273,1
data/images/images(54).jpg
data/images/images(55).jpg 51,51,101,135,0 101,59,139,127,1 134,73,172,129,3 12,68,54,142,2
data/images/images(56).jpg 1,2,77,115,0 134,23,184,99,1
data/images/images(58).jpg 115,19,152,93,0 159,21,201,90,0 200,18,243,90,0
data/images/images(59).jpg 24,59,63,110,0 69,59,108,111,2 115,60,152,109,1 132,137,163,180,3
data/images/images(6).jpg 67,18,181,182,1
data/images/images(60).jpg
data/images/images(61).jpg 78,80,151,196,0 14,58,80,167,1 148,65,217,174,3 84,27,148,77,2
data/images/images(7).jpg 28,5,194,224,1
data/images/images(8).jpg 65,46,151,184,1
data/images/images(9).jpg 40,12,177,213,1
data/images/images.jpg 77,6,182,187,1
data/images/IMG-20191025-WA0000.jpg 176,584,404,992,2 355,535,576,974,0 565,576,761,966,1
data/images/IMG-20191025-WA0001.jpg 433,443,671,835,2 622,398,847,839,0
data/images/IMG_20191025_080823.jpg 503,360,2497,3986,1
data/images/IMG_20191025_080826.jpg 530,60,2530,4006,3
data/images/IMG_20191025_080830.jpg 497,193,2723,4140,0
data/images/IMG_20191025_080835.jpg 83,846,1530,3206,2 1730,900,3103,3253,1
data/images/IMG_20191025_080841.jpg 157,806,1617,3166,1 1630,853,2977,3140,3
data/images/IMG_20191025_080853.jpg 363,980,1583,3213,3 1797,906,3120,3433,0
data/images/IMG_20191025_080853_1.jpg 397,1013,1590,3206,3 1743,906,3097,3400,0
data/images/IMG_20191025_080853_2.jpg 370,1033,1583,3226,3 1777,933,3083,3433,0
data/images/IMG_20191025_080854.jpg 1790,900,3083,3366,0 397,1013,1570,3180,3
data/images/IMG_20191025_080903.jpg 23,1300,1003,2986,2 1110,1193,2157,2886,1 2263,1300,3097,2920,3
data/images/IMG_20191025_080904.jpg 30,1266,930,3026,2 1057,1200,2117,2940,1 2230,1333,3117,2940,3
data/images/IMG_20191025_080904_1.jpg 17,1233,930,3013,2 1170,1160,2023,2906,1 2263,1346,3120,2920,3
data/images/IMG_20191025_080912.jpg 10,1140,1043,2853,1 1170,1140,2017,2740,3 2137,1146,3103,2973,0
data/images/IMG_20191025_080913.jpg 43,1173,1023,2813,1 1143,1146,2023,2753,3 2097,1173,3117,2993,0
data/images/IMG_20191025_080913_1.jpg 10,1146,1017,2853,1 1143,1160,2030,2753,3 2217,1160,3030,2980,0
data/images/IMG_20191025_080921.jpg 377,313,1283,2120,1 1790,180,2637,1820,3 270,2273,1150,4140,2 1777,2153,2877,4046,0
data/images/IMG_20191025_080922.jpg 184,2346,1384,4086,2 223,286,1517,2086,1 1810,193,2637,1826,3 1763,2140,2910,4073,0
data/images/IMG_20191025_080922_1.jpg 1763,2126,2823,4053,0 1810,180,2657,1833,3 250,426,1443,2066,1 170,2320,1357,4086,2
data/images/IMG_20191025_080923.jpg 370,2193,1210,4120,2 1910,2033,2803,4006,0 1790,126,2637,1806,3 237,380,1437,2033,1
data/images/IMG_20191025_080935.jpg 30,1400,1477,3933,2 1663,1280,3070,3640,1
data/images/IMG_20191025_080940.jpg 1496,346,3103,3487,0 43,526,1417,3266,3
data/images/IMG_20191025_080945.jpg 1503,1939,2670,3986,0 383,2073,1397,3880,3 1523,40,2697,1846,1 317,133,1410,1980,2
data/images/IMG_20191025_080945_1.jpg 357,153,1457,2000,2 1597,53,2757,1846,1 430,2073,1390,3926,3 1503,1966,2703,4073,0
data/images/IMG_20191025_080946.jpg 1570,1986,2630,4093,0 383,2100,1397,3973,3 1550,53,2763,1900,1 363,173,1450,2033,2
data/images/IMG_20191025_080952.jpg 217,886,1457,3366,0 1490,953,2803,3220,1
data/images/IMG_20191025_080957.jpg 350,246,2583,3786,3
data/images/IMG_20191025_080959.jpg 884,452,2617,3786,3
data/images/IMG_20191025_081000.jpg 343,180,2343,3813,3
data/images/IMG_20191025_081002.jpg 637,220,2357,3513,3
data/images/IMG_20191025_081048.jpg 617,180,2923,3953,0
data/images/IMG_20191025_081052.jpg 463,213,2963,4140,2
data/images/IMG_20191025_081055.jpg 436,233,2763,4120,1
data/images/IMG_20191025_081056.jpg 403,1,2897,4060,1
data/images/IMG_20191025_081100.jpg 289,100,2543,3766,3
data/images/IMG_20191025_081101.jpg 517,360,2743,3920,3
data/images/IMG_20191025_081102.jpg 618,580,2704,4020,3
data/images/IMG_20191025_081102_1.jpg 357,353,2390,3740,3
data/images/IMG_20191025_081103.jpg 343,20,2403,3373,3
data/images/IMG_20191025_081104.jpg 717,173,2703,3626,3
data/images/IMG_20191025_081107.jpg 1,933,1343,3600,0 1557,1053,3083,3546,2
data/images/IMG_20191025_081108.jpg 50,1020,1537,3513,0 1577,1101,3120,3486,2
data/images/IMG_20191025_081110.jpg 50,1093,1643,3573,2 1543,1153,3103,3506,1
data/images/IMG_20191025_081111.jpg 1563,1126,3037,3420,1 3,1106,1583,3473,2
data/images/IMG_20191025_081112.jpg 1523,1140,3030,3306,1 103,1047,1590,3313,2
data/images/IMG_20191025_081120.jpg 103,900,1517,3194,3 1583,760,3077,3193,1
data/images/IMG_20191025_081120_1.jpg 57,853,1437,3173,3 1530,713,2977,3160,1
data/images/IMG_20191025_081121.jpg 37,827,1357,3113,3 1503,766,3097,3133,1
data/images/IMG_20191025_081134.jpg 1577,1200,3103,3447,3 17,1020,1537,3466,2
data/images/IMG_20191025_081135.jpg 1,840,1553,3286,2 1757,820,3003,3326,3
data/images/IMG_20191025_081136.jpg 1783,613,2970,3133,3 30,633,1623,3086,2
data/images/IMG_20191025_081138.jpg 10,840,1363,3333,0 1463,926,3057,3360,2
data/images/IMG_20191025_081201.jpg 377,13,1610,2106,2 1617,366,2697,2126,3 1397,2686,2357,3813,1 443,2619,1390,3846,0
data/images/IMG_20191025_081203.jpg 483,2293,1450,3873,0 1490,2433,2597,3793,1 1817,106,2690,1800,3 617,6,1883,1806,2
data/images/IMG_20191025_081206.jpg 37,666,1943,3720,2 1850,1113,3097,3726,3
data/images/IMG_20191025_081209.jpg 1677,940,3120,3748,1 1,406,1637,3726,0
data/images/IMG_20191025_081210.jpg 730,434,2930,3580,1
data/images/IMG_20191025_081212.jpg 1617,853,3117,3266,1 137,446,1730,3246,0
data/images/IMG_20191025_081226.jpg 317,40,1277,1653,0 464,2133,1257,3600,2 1290,2286,2023,3566,3 2070,2213,3003,3560,1
data/images/IMG_20191025_081230.jpg 83,1406,1350,3766,3 1553,1192,3120,3792,1
data/images/IMG_20191025_081232.jpg 370,113,1370,1726,0 477,2220,1337,3513,2 1277,2286,1923,3566,3 2063,2287,2923,3620,1
data/images/IMG_20191025_081232_1.jpg 2017,2280,2943,3640,1 1310,2306,1937,3613,3 483,2166,1257,3573,2 350,166,1297,1666,0
data/images/IMG_20191025_081233.jpg 270,160,1230,1700,0 437,2180,1297,3553,2 1263,2353,1963,3560,3 1990,2260,2917,3633,1
data/images/IMG_20191025_081233_1.jpg 303,93,1197,1673,0 410,2093,1270,3546,2 1250,2313,1977,3586,3 2037,2246,2937,3593,1
data/images/IMG_20191025_081235.jpg 1583,940,3103,4013,3 23,440,1643,3960,2
data/images/IMG_20191025_081237.jpg 170,846,1657,3486,2 1690,1233,2890,3560,3
data/images/IMG_20191025_081240.jpg 343,1386,1417,3453,3 1563,1240,2997,3440,1
data/images/IMG_20191025_081303.jpg 430,513,2563,3506,1
data/images/IMG_20191025_081303_1.jpg 670,513,2583,3440,1
data/images/IMG_20191025_081304.jpg 730,513,2723,3500,1
data/images/IMG_20191025_081307.jpg 457,333,2557,3893,3
data/images/IMG_20191025_081307_1.jpg 450,293,2503,3926,3
data/images/IMG_20191025_081307_2.jpg 590,353,2490,3960,3
data/images/IMG_20191025_081310.jpg 1563,1153,3077,3793,0 30,1493,1630,3760,2
data/images/IMG_20191025_081310_1.jpg 1443,1106,3117,3780,0 1,1467,1610,3773,2
data/images/IMG_20191025_081310_2.jpg 37,1446,1557,3733,2 1477,1126,3103,3740,0
data/images/IMG_20191025_081315.jpg 1123,2300,2010,3706,0 190,2406,1143,3693,2 1877,553,2690,1900,3 203,486,1157,1873,1
data/images/IMG_20191025_081315_1.jpg 157,413,1183,1860,1 1890,500,2730,1860,3 1150,2306,2023,3713,0 283,2426,1170,3713,2
data/images/IMG_20191025_081316.jpg 1203,2306,2143,3780,0 270,2433,1150,3760,2 203,386,1223,1833,1 1910,420,2790,1846,3
data/images/IMG_20191025_081316_1.jpg 2083,273,2930,1826,3 1137,2293,2150,3900,0 177,2453,1190,3846,2 103,313,1203,1846,1
data/images/IMG_20191025_081317.jpg 1943,113,2983,1720,3 90,26,1257,1746,1 1223,2240,2223,3853,0 156,2400,1190,3853,2
data/images/IMG_20191025_081318.jpg 1950,420,2890,1880,3 330,380,1317,1900,1 1197,2366,2223,3866,0 310,2473,1137,3860,2
data/images/IMG_20191025_081404.jpg 770,873,2537,3766,2
data/images/IMG_20191025_081405.jpg 803,760,2597,3706,2
data/images/IMG_20191025_081410.jpg 663,160,2717,4060,0
data/images/IMG_20191025_081411.jpg 643,166,2703,4100,0
data/images/IMG_20191025_081413.jpg 363,240,2623,4013,1
data/images/IMG_20191025_081414.jpg 370,333,2563,4033,1
data/images/IMG_20191025_081415.jpg 457,386,2597,3980,1
data/images/IMG_20191025_081418.jpg 830,306,2570,3926,3
data/images/IMG_20191025_081419.jpg 797,313,2697,3933,3
data/images/IMG_20191025_081419_1.jpg 703,220,2763,3846,3
data/images/IMG_20191025_081420.jpg 630,206,2830,3886,3
data/images/IMG_20191025_081420_1.jpg 723,286,2530,3926,3
data/images/IMG_20191025_081422.jpg 743,453,2577,4033,3
data/images/IMG_20191025_081435.jpg 2377,1613,3043,2820,3 1563,1593,2350,2846,1 797,1426,1530,2853,0 97,1520,783,2840,2
data/images/IMG_20191025_081437.jpg 70,1460,717,2800,2 730,1446,1510,2833,0 1510,1593,2303,2866,1 2357,1580,3070,2886,3
data/images/IMG_20191025_081439.jpg 2343,1646,3017,2986,3 1450,1606,2217,2926,1 677,1453,1397,2926,0 1,1573,617,2893,2
data/images/IMG_20191025_081448.jpg 17,820,1057,2833,0 1090,1113,2177,2866,1 2177,1126,3120,2822,3
data/images/IMG_20191025_081449.jpg 2263,1398,3120,3106,3 1090,1280,2217,3040,1 23,1113,1083,3066,0
data/images/IMG_20191025_081459.jpg 1,1193,1050,3026,2 1003,1173,2103,3106,0 2097,1346,3120,3140,1
data/images/IMG_20191025_081502.jpg 330,1186,1657,3546,2 1683,1086,3050,3640,0
data/images/IMG_20191025_081534.jpg 1710,880,3090,3500,3 37,720,1670,3466,2
data/images/IMG_20191025_081535.jpg 1690,1040,3097,3573,3 43,846,1677,3520,2
data/images/IMG_20191025_081537.jpg 90,973,1650,3680,2 1703,1153,3090,3726,3
data/images/IMG_20191025_081539.jpg 123,773,1697,3540,2 1713,926,3120,3520,3
data/images/IMG_20191025_081832.jpg 1490,2200,3003,4126,3 1,2073,1503,4032,1 1423,26,2550,2040,0 363,226,1483,2073,2
data/images/IMG_20191025_081834.jpg 310,266,1450,2033,2 1477,33,2517,2040,0 1437,2180,2830,4000,3 30,2073,1477,4040,1
data/images/IMG_20191025_081835.jpg 1490,2246,3090,4013,3 83,2086,1430,4106,1 1510,213,2543,2146,0 590,413,1483,2100,2
data/images/IMG_20191025_081838.jpg 1437,606,2410,2293,0 469,853,1483,2360,2 1490,2446,2337,4106,3 223,2326,1423,4106,1
data/images/IMG_20191025_081838_1.jpg 1470,2293,2543,4033,3 97,2186,1363,3993,1 1477,346,2443,2120,0 456,560,1437,2140,2
data/images/IMG_20191025_081853.jpg 223,40,1423,1853,2 1530,246,2457,1873,3 1383,1860,2682,4160,0 70,1826,1350,3713,1
data/images/IMG_20191025_081855.jpg 150,1866,1350,3640,1 1410,1946,2410,4020,0 1550,426,2410,1880,3 410,180,1443,1860,2
data/images/IMG_20191025_081858.jpg 1417,320,2350,1826,3 1270,1860,2350,3886,0 77,1766,1197,3513,1 290,126,1377,1813,2
data/images/IMG_20191025_081908.jpg 264,32,1450,1793,1 1463,13,2397,1806,3 1457,1846,2693,4160,0 90,1773,1337,3920,2
data/images/IMG_20191025_081908_1.jpg 1523,53,2557,1826,3 350,6,1437,1873,1 70,1780,1343,3906,2 1423,1866,2802,4160,0
data/images/IMG_20191025_081908_2.jpg 1445,1880,2643,4140,0 1497,40,2477,1820,3 343,26,1463,1880,1 50,1786,1383,3920,2
data/images/IMG_20191025_081909.jpg 123,1806,1263,3853,2 1290,1833,2630,4140,0 1477,93,2583,1826,3 390,20,1457,1873,1
data/images/IMG_20191025_081910.jpg 1543,60,2510,1793,3 337,46,1390,1840,1 63,1773,1330,3846,2 1383,1826,2830,4140,0
data/images/IMG_20191025_081919.jpg 1377,1986,2590,4133,0 237,2066,1310,3966,3 1343,160,2390,1973,2 250,266,1383,2033,1
data/images/IMG_20191025_081919_1.jpg 1230,153,2323,2000,2 203,219,1330,2013,1 1303,1953,2503,4153,0 203,2053,1290,3953,3
data/images/IMG_20191025_081920.jpg 110,246,1323,1980,1 1277,140,2310,1946,2 1317,1960,2490,4133,0 183,2053,1290,3940,3
data/images/IMG_20191025_081921.jpg 1292,1966,2503,4160,0 117,2060,1303,3933,3 1250,160,2343,1966,2 243,253,1297,1966,1
data/images/IMG_20191025_081921_1.jpg 1323,1953,2503,4133,0 183,2013,1283,3900,3 1230,140,2283,1947,2 123,280,1330,1986,1
data/images/IMG_20191025_114722.jpg 184,153,805,832,1 905,53,1334,832,1 1577,82,1913,824,1 2048,203,2448,867,1 2505,146,2834,910,1 2977,132,3327,867,1 184,1746,520,2139,3 570,1760,991,2139,3 2277,1717,2641,2117,3 2748,1703,2977,2117,3
data/images/IMG_20191025_114724.jpg 743,1766,1243,2693,1 1243,1746,1857,2753,1 1950,1766,2450,2786,1 2604,1753,3084,2793,1
data/images/IMG_20191025_114724_1.jpg 690,1713,1230,2646,1 1230,1733,1830,2740,1 1897,1733,2430,2720,1 2537,1713,3070,2680,1
data/images/IMG_20191025_114725.jpg 710,1706,1250,2693,1 1250,1720,1863,2766,1 1937,1713,2430,2753,1 2603,1720,3103,2733,1
data/images/IMG_20191025_114726.jpg 723,1673,1317,2706,1 1263,1706,1903,2720,1 1970,1633,2470,2693,1 2603,1700,3120,2707,1
data/images/IMG_20191025_114729.jpg 30,1706,1250,3446,1 1230,1806,2157,3453,1 2323,1753,3097,3413,1
data/images/IMG_20191025_114730.jpg 30,1713,1123,3473,1 1117,1753,2050,3433,1 2290,1753,3120,3414,1
data/images/IMG_20191025_114744.jpg 70,733,1503,3480,3 1703,920,2910,3553,3
data/images/IMG_20191025_114744_1.jpg 77,706,1530,3446,3 1710,893,2930,3520,3
data/images/IMG_20191025_114745.jpg 1657,1026,2863,3606,3 184,1112,1564,3552,3
data/images/IMG_20191025_114746.jpg 1510,980,2903,3353,3 163,826,1457,3326,3
data/images/IMG_20191025_114747.jpg 1477,786,2863,3306,3 90,706,1443,3233,3
data/images/IMG_20191025_114751.jpg 150,520,1737,3626,3 1597,893,2823,3060,3
data/images/IMG_20191025_114751_1.jpg 1697,813,2863,3080,3 43,593,1663,3600,3
data/images/IMG_20191025_114754.jpg 263,706,1570,3600,3 1637,780,2937,3566,3
data/images/IMG_20191025_114754_1.jpg 1677,780,2977,3566,3 250,660,1643,3546,3
data/images/IMG_20191025_114754_2.jpg 283,613,1610,3526,3 1717,786,2903,3560,3
data/images/IMG_20191025_114755.jpg 1697,813,2910,3533,3 210,726,1603,3620,3
data/images/IMG_20191025_114801.jpg 23,1633,590,2720,3 650,1613,1277,2746,3 1310,1653,1803,2600,3 1950,1646,2637,2746,3 2557,1648,3120,2726,3
data/images/IMG_20191025_114801_1.jpg 57,1613,623,2766,3 703,1566,1323,2753,3 1263,1620,1903,2593,3 2017,1613,2543,2720,3 2670,1573,3117,2793,3
data/images/IMG_20191025_114801_122.jpg 787,1679,1237,2385,3 1248,1691,1681,2418,3 1576,535,2003,1441,2 2087,479,2581,1479,2
data/images/IMG_20191025_114801_2.jpg 77,1580,630,2746,3 683,1573,1250,2760,3 1310,1646,1810,2613,3 2023,1546,2557,2720,3 2683,1600,3120,2704,3
data/images/IMG_20191025_114802.jpg 30,1540,617,2706,3 677,1553,1330,2740,3 1277,1633,1870,2573,3 2043,1593,2603,2733,3 2657,1620,3120,2719,3
data/images/IMG_20191025_114802_1.jpg 23,1560,617,2693,3 650,1533,1277,2713,3 1317,1606,1770,2533,3 1903,1613,2683,2713,3 2657,1633,3110,2726,3
data/images/IMG_20191025_114803_BURST001_COVER.jpg 781,1774,1231,2429,3 1248,1757,1681,2463,3 1681,1696,2003,2335,3 2498,2574,2731,3152,3 1537,602,1992,1468,2 2092,535,2565,1524,2 398,1752,770,2407,2 1,1718,292,2382,2
data/images/IMG_20191025_114803_BURST002.jpg 20,1718,315,2385,2 359,1729,753,2402,2 809,1707,1181,2441,2 1203,1741,1659,2441,3 1665,1713,1981,2352,3 1565,579,1976,1457,2 2092,535,2559,1524,2 2487,2591,2736,3108,3
data/images/IMG_20191025_114803_BURST003.jpg 1,1746,292,2352,2 403,1752,737,2363,2 1542,557,1981,1435,2 1992,546,2603,1502,2 748,1718,1209,2441,3 1192,1729,1681,2435,3 1653,1707,2003,2329,3 2442,2563,2736,3124,3
data/images/IMG_20191025_114803_BURST004.jpg 2476,2579,2736,3034,3 1626,1696,1987,2324,3 1198,1752,1631,2452,3 715,1741,1203,2418,3 1536,569,2015,1457,2 2087,513,2548,1491,2 370,1735,737,2368,2 1,1729,276,2352,2
data/images/IMG_20191025_114803_BURST005.jpg 2426,2557,2720,3118,3 720,1713,1181,2424,3 1176,1724,1659,2452,3 1637,1696,1987,2324,3 1537,652,1953,1485,2 2015,491,2515,1524,2 326,1746,776,2424,2 1,1718,270,2365,2
data/images/IMG_20191025_114803_BURST016.jpg 9,1791,376,2429,2 1198,552,1670,1535,2 1676,507,2203,1524,2 2259,563,2736,1536,2 409,1763,926,2468,3 931,1729,1370,2479,3 1359,1713,1670,2318,3 2165,2524,2476,3085,3 2481,2496,2736,3057,3
data/images/IMG_20191025_114803_BURST017.jpg 2148,2513,2448,3074,3 2476,2535,2736,3023,3 392,1791,876,2457,3 865,1746,1381,2479,3 1337,1713,1670,2324,3 1,1763,381,2465,2 1176,574,1631,1507,2 1631,546,2209,1529,2 2237,546,2720,1518,2
data/images/IMG_20191025_114805.jpg 203,1353,1110,3113,3 1177,1446,1970,2840,3 2243,1280,3037,3046,3
data/images/IMG_20191025_114805_1.jpg 2217,1233,3050,3026,3 1103,1406,1690,2833,3 50,1273,1037,3100,3
data/images/IMG_20191025_114805_2.jpg 163,1313,1103,3113,3 1110,1353,1923,2820,3 1943,1380,3110,3086,3
data/images/IMG_20191025_114811_BURST001_COVER.jpg 48,263,348,702,0 381,268,703,696,0 748,202,1053,674,0 1109,202,1398,668,0 1437,213,1737,696,0 1803,185,2081,691,0 2115,296,2453,707,0 2226,702,2476,1129,0 1892,702,2176,1129,0 1615,718,1820,1118,0 1319,702,1576,1129,0 1037,702,1281,1141,0 776,718,987,1141,0
data/images/IMG_20191025_114811_BURST002.jpg 76,252,381,674,0 370,279,698,696,0 737,207,1070,702,0 1115,235,1415,724,0 1426,218,1726,679,0 1792,202,2065,696,0 2059,302,2431,718,0 2187,685,2520,1124,0 1892,696,2192,1129,0 1609,735,1848,1141,0 1315,696,1592,1135,0 1015,735,1315,1096,0 770,713,981,1113,0
data/images/IMG_20191025_114811_BURST003.jpg 65,246,387,696,0 365,263,726,696,0 742,207,1065,674,0 1109,229,1398,691,0 1420,229,1742,674,0 1787,213,2053,663,0 2087,274,2448,679,0 2181,713,2487,1141,0 1898,691,2159,1113,0 1581,674,1820,1118,0 1320,685,1565,1118,0 1048,707,1298,1102,0 787,707,970,1107,0
data/images/IMG_20191025_114811_BURST004.jpg 81,229,387,663,0 387,268,687,663,0 770,246,1076,713,0 1137,241,1409,685,0 1403,257,1742,691,0 1776,235,2053,696,0 2092,285,2442,713,0 2165,707,2515,1118,0 1887,713,2165,1113,0 1603,702,1826,1135,0 1315,696,1570,1124,0 1053,718,1287,1129,0 748,691,981,1107,0
data/images/IMG_20191025_114811_BURST005.jpg 98,257,392,679,0 370,285,692,685,0 759,196,1065,685,0 1126,218,1415,691,0 1420,246,1715,663,0 1792,235,2065,674,0 2115,318,2459,718,0 2215,702,2526,1135,0 1898,707,2165,1118,0 1603,713,1820,1141,0 1320,696,1587,1135,0 1026,707,1298,1124,0 753,679,970,1102,0
data/images/IMG_20191025_114811_BURST006.jpg 2198,696,2509,1129,0 1898,702,2165,1141,0 1603,691,1826,1124,0 1337,691,1592,1129,0 1042,713,1292,1135,0 776,685,959,1113,0 2148,241,2381,702,0 70,241,398,679,0 376,252,720,674,0 748,207,1070,663,0 1137,235,1420,674,0 1437,263,1726,663,0 1792,229,2070,663,0
data/images/IMG_20191025_114811_BURST007.jpg 81,241,353,674,0 370,246,698,663,0 765,252,1103,696,0 1126,241,1426,713,0 1415,257,1748,646,0 1803,218,2081,657,0 2103,313,2465,696,0 731,702,981,1091,0 1048,691,1287,1113,0 1298,702,1581,1113,0 1565,718,1887,1124,0 1876,679,2137,1135,0 2209,702,2492,1124,0
data/images/IMG_20191025_114811_BURST010.jpg 76,235,398,679,0 381,263,698,657,0 726,202,1081,674,0 1120,229,1426,691,0 1453,246,1770,674,0 1798,207,2081,679,0 2115,307,2476,713,0 737,691,998,1102,0 1042,702,1320,1102,0 1326,718,1576,1129,0 1592,724,1865,1135,0 1876,713,2159,1102,0 2220,718,2481,1113,0
data/images/IMG_20191025_114811_BURST011.jpg 81,235,403,685,0 398,291,709,679,0 781,229,1059,674,0 1131,224,1415,679,0 1437,263,1759,674,0 1820,229,2087,679,0 2120,329,2470,724,0 720,696,992,1107,0 1037,685,1315,1135,0 1309,718,1581,1129,0 1576,718,1848,1129,0 1881,707,2148,1141,0 2215,718,2498,1141,0
data/images/IMG_20191025_114811_BURST012.jpg 81,229,409,674,0 398,268,715,652,0 748,213,1081,679,0 1137,235,1448,702,0 1465,268,1781,691,0 1820,252,2109,691,0 2142,341,2498,746,0 731,702,981,1107,0 1053,702,1298,1146,0 1320,718,1581,1129,0 1592,757,1859,1135,0 1881,724,2165,1152,0 2231,718,2498,1168,0
data/images/IMG_20191025_114811_BURST014.jpg 70,213,370,691,0 381,257,715,691,0 770,252,1081,718,0 1142,263,1453,713,0 1465,274,1770,696,0 1842,279,2103,718,0 2137,374,2492,757,0 737,741,998,1146,0 1026,707,1331,1129,0 1598,757,1870,1185,0 1870,752,2153,1185,0 2220,741,2526,1191,0 1320,718,1565,1146,0
data/images/IMG_20191025_114811_BURST016.jpg 53,268,309,713,0 353,296,659,707,0 765,279,1042,735,0 1120,296,1403,768,0 1420,341,1737,757,0 1803,313,2065,757,0 2081,435,2420,824,0 709,774,937,1168,0 1009,774,1253,1196,0 1287,796,1542,1191,0 1537,813,1820,1235,0 1870,824,2115,1235,0 2203,841,2448,1229,0
data/images/IMG_20191025_114811_BURST020.jpg 20,391,292,868,0 337,418,615,863,0 715,407,1026,879,0 1070,463,1348,896,0 1387,446,1665,902,0 1759,485,2042,935,0 2103,579,2376,963,0 631,918,909,1335,0 948,935,1248,1346,0 1226,941,1542,1363,0 1509,963,1798,1391,0 1853,957,2142,1402,0 2115,1013,2448,1418,0
data/images/IMG_20191025_114819.jpg 1,1240,970,3080,1 1063,1300,2117,2966,1 2223,1253,3077,3013,1
data/images/IMG_20191025_114819_1.jpg 1,1226,883,3038,1 1117,1306,2177,3000,1 2083,1278,3120,3060,1
data/images/IMG_20191025_114820.jpg 1,1300,970,3029,1 1123,1360,2157,3046,1 2123,1324,3120,3080,1
data/images/IMG_20191025_114821.jpg 1,1260,950,3061,1 1090,1306,2070,3040,1 2150,1262,3120,3026,1
data/images/IMG_20191025_114824.jpg 31,1079,337,1541,0 287,1079,670,1529,0 703,1052,1020,1529,0 1065,1057,1348,1524,0 1398,1029,1709,1468,0 1781,952,2098,1457,0 2098,1079,2487,1496,0 687,1579,942,1979,0 992,1557,1270,1991,0 1270,1574,1570,1996,0 1553,1557,1853,1991,0 1848,1529,2170,1991,0 2237,1507,2537,1985,0
data/images/IMG_20191025_114825.jpg 303,863,609,1346,0 642,918,942,1346,0 1031,902,1353,1357,0 1376,913,1676,1379,0 1726,924,2070,1346,0 2142,885,2398,1346,0 2470,1029,2736,1418,0 948,1385,1237,1818,0 1253,1407,1553,1852,0 1587,1418,1865,1879,0 1903,1446,2176,1885,0 2226,1429,2526,1896,0 2570,1407,2736,1912,0
data/images/IMG_20191025_114827.jpg 48,774,376,1246,0 476,746,787,1263,0 831,779,1176,1257,0 1181,752,1542,1252,0 1570,768,1887,1246,0 1909,863,2281,1302,0 2048,1291,2331,1757,0 1642,1285,1987,1746,0 1315,1296,1631,1735,0 1026,1279,1353,1757,0 737,1279,1015,1752,0 381,1268,692,1724,0
data/images/IMG_20191025_114843.jpg 192,1068,515,1546,0 503,1079,859,1535,0 909,1085,1242,1546,0 1281,1074,1581,1541,0 1553,1002,1842,1485,0 1903,1024,2176,1468,0 2203,1102,2553,1535,0 909,1574,1159,1979,0 1220,1568,1470,1979,0 1503,1574,1753,1968,0 1770,1557,2009,1957,0 1998,1529,2303,1974,0 2376,1552,2603,1952,0
data/images/IMG_20191025_114906.jpg 520,763,809,1179,0 898,785,1203,1196,0 1248,735,1548,1224,0 1598,807,1881,1235,0 1903,791,2237,1246,0 2320,785,2609,1252,0
data/images/IMG_20191025_114911.jpg 155,439,648,1010,0 734,496,1148,1067,0 1184,546,1620,1089,0 1605,574,2027,1096,0
data/images/IMG_20191025_115130.jpg 548,960,1213,2017,0 1270,1010,1820,2010,0 1948,1024,2527,2082,0 2498,1053,3027,1889,0 248,810,677,1689,0 1,710,320,1546,0
data/images/IMG_20191025_115132.jpg 377,753,1013,1874,0 1113,789,1770,1889,0 1913,789,2605,1932,0 2534,796,3148,1789,0 1,753,491,1585,0
data/images/IMG_20191025_115133.jpg 3070,746,3648,2010,0 2255,739,3034,1982,0 1405,589,2177,1946,0 641,524,1313,1610,0 1,432,748,1437,0
data/images/IMG_20191025_115135.jpg 2834,1096,3441,2282,0 1955,1060,2698,2310,0 1105,1182,1863,2453,0 363,660,1034,1839,0 3341,889,3648,1972,0 1,496,391,1686,0
data/images/IMG_20191025_115137.jpg 463,324,1127,1617,1 1,232,470,1544,1 1234,467,1734,1489,0 1734,646,2313,1717,0 2570,1089,3177,2360,0 3227,1339,3648,2432,0
data/images/IMG_20191025_115139.jpg 648,524,1384,1624,1 1370,482,1955,1660,1 2034,532,2527,1474,0 2570,682,3198,1610,0 3148,682,3591,1596,0
data/images/IMG_20191025_115140.jpg 2141,824,2691,1832,0 2741,932,3441,1967,0 1363,760,2027,2046,1 677,710,1327,2003,1
data/images/IMG_20191025_115148.jpg 334,1432,920,2524,0 441,903,1084,1382,0 977,1560,1334,2396,3 1577,1674,1963,2624,3 1977,1646,2455,2496,3 1384,1474,1913,2396,3
data/images/IMG_20191025_115149.jpg 1,1332,555,2472,0 584,1524,1098,2353,3 1113,1617,1691,2539,3 1641,1560,2148,2446,3 141,789,891,1267,0
data/images/IMG_20191025_115150.jpg 1,1074,541,2217,0 127,596,884,1096,0 1120,1360,1763,2274,3 1684,1296,2170,2232,3 570,1246,1148,2117,3
data/images/IMG_20191025_115153.jpg 1841,1567,2384,2696,3 1237,1753,1891,2736,3 591,1524,1205,2617,3 8,1603,455,2736,0 77,589,798,1217,0
data/images/IMG_20191025_115155.jpg 1,1260,520,2416,0 113,503,905,1139,0 1170,1560,1934,2653,3 1905,1510,2434,2553,3 691,1424,1213,2403,3
data/images/IMG_20191025_161327.jpg 1657,340,2610,2033,2 1623,2013,2597,3726,1 843,233,1610,1866,3 677,1913,1610,3766,0 10,286,783,1940,1 1,1986,650,3673,3
data/images/IMG_20191025_161328.jpg 1770,313,2663,2013,2 843,206,1690,1886,3 1,1926,623,3654,3 657,1900,1597,3740,0 1657,2066,2657,3646,1 1,183,810,1853,1
data/images/IMG_20191025_161328_1.jpg 1,206,870,1852,1 1690,2060,2643,3773,1 863,226,1677,1913,3 1777,340,2677,2013,2 677,1913,1690,3766,0 1,1940,663,3718,3
data/images/IMG_20191025_161336.jpg 403,2075,1543,4160,3 1570,1940,2943,4153,0 1727,1,2897,1800,3 377,13,1723,1913,1
data/images/IMG_20191025_161339.jpg 697,106,1857,2080,0 657,2020,1958,4160,2 1923,1993,3120,4095,3 1885,1,3110,1826,1
data/images/IMG_20191025_161339_1.jpg 1923,26,3120,1825,1 697,93,1857,2026,0 710,2026,1937,4160,2 1923,1980,3103,4093,3
data/images/IMG_20191025_161340.jpg 423,200,1563,2026,0 437,2006,1657,4140,2 1677,1973,2797,3973,3 1657,33,2797,1866,1
data/images/IMG_20191025_161342.jpg 190,620,897,1913,0 970,526,1737,1806,1 2403,1926,3120,3169,1 1643,1806,2383,3266,0 37,1906,923,3380,2 2403,646,3120,1900,2 1770,600,2417,1806,3 957,1853,1637,3193,3
data/images/IMG_20191025_161343.jpg 1763,573,2323,1813,3 910,1860,1550,3180,3 923,540,1690,1773,1 2337,1893,3120,3155,1 2363,646,3120,1851,2 83,1880,923,3386,2 1557,1806,2377,3246,0 143,693,897,1860,0
data/images/IMG_20191025_161343_1.jpg 1530,1833,2317,3260,0 70,633,897,1866,0 937,493,1690,1746,1 2357,1933,3120,3249,1 1737,580,2343,1760,3 917,1840,1557,3173,3 30,1920,857,3380,2 2363,633,3120,1916,2
data/images/IMG_20191025_161416.jpg 2230,1486,2970,2606,2 270,2653,983,3913,2 963,2640,1563,3773,3 1737,1406,2237,2573,3 2290,2673,2970,3766,1 943,1473,1710,2540,1 357,1480,957,2560,0 1577,2613,2317,3873,0
data/images/IMG_20191025_161418.jpg 310,1313,957,2446,0 1657,2466,2363,3780,0 997,2506,1583,3753,3 1750,1293,2370,2413,3 963,1300,1723,2433,1 2343,2553,3050,3760,1 2343,1266,3063,2460,2 237,2540,910,3820,2
data/images/IMG_20191025_161420.jpg 170,2453,910,3846,2 2390,1206,3117,2426,2 1710,1153,2350,2313,3 923,2480,1610,3713,3 943,1153,1797,2460,1 2370,2486,3120,3721,1 1650,2400,2370,3766,0 203,1166,923,2400,0
data/images/IMG_20191025_161422.jpg 23,1140,803,2460,0 1597,2446,2370,3866,0 783,1120,1637,2413,1 2337,2473,3120,3776,1 1610,1093,2317,2313,3 843,2486,1523,3860,3 2317,1153,3120,2380,2 17,2446,863,3973,2
data/images/IMG_20191025_161423.jpg 2303,973,3120,2406,2 1,2500,770,3981,2 1,1086,703,2408,0 1590,2393,2310,3833,0 2343,2473,3120,3808,1 723,1040,1603,2393,1 1617,966,2350,2280,3 797,2473,1490,3820,3
data/images/IMG_20191025_161425.jpg 137,1266,890,2393,0 1610,2393,2257,3720,0 2250,2466,3003,3626,1 863,1220,1637,2413,1 1610,1200,2210,2326,3 910,2493,1543,3686,3 2197,1233,2990,2406,2 137,2486,883,3820,2
data/images/IMG_20191025_161431.jpg 2223,1160,2970,2373,2 117,2426,830,3673,2 937,2440,1490,3593,3 1663,1140,2230,2253,3 1543,2326,2237,3640,0 170,1166,897,2346,0 870,1160,1583,2353,1 2217,2406,2983,3606,1
data/images/IMG_20191025_161434.jpg 177,1080,850,2306,0 1623,2320,2290,3640,0 890,1086,1610,2280,1 2277,2326,3043,3560,1 1650,1053,2317,2193,3 890,2340,1550,3573,3 103,2340,837,3673,2 2323,1073,3057,2333,2
data/images/IMG_20191025_161546.jpg 623,2000,1837,4140,2 1757,1960,3120,3776,3 357,53,1610,1680,0 1617,40,2537,1586,1
data/images/IMG_20191025_161548.jpg 1663,2033,3120,3924,3 1450,20,2377,1706,1 2597,80,3120,1593,3 157,73,1457,1786,0 497,2153,1883,4146,2
data/images/IMG_20191025_161557.jpg 1597,33,2443,1773,2 1490,2086,3050,4086,1 523,166,1450,1886,3 190,1926,1437,4099,0
data/images/IMG_20191025_161559.jpg 83,2093,1530,4153,0 1557,2246,3120,4086,1 1637,386,2690,2053,2 737,586,1503,2080,3 1,413,637,2090,1
data/images/IMG_20191025_161601.jpg 1,500,703,2060,1 1630,2160,2977,4013,1 1623,326,2557,1973,2 777,680,1543,1966,3 350,2066,1530,4100,0
data/images/IMG_20191025_161604.jpg 657,513,1603,1900,0 463,2120,1510,4000,2 1703,2173,2650,3820,3 1710,446,2477,1986,1
data/images/IMG_20191025_161659.jpg 337,1493,1370,3300,3 1450,1526,2343,3340,3
data/images/IMG_20191025_161713.jpg 377,1086,1490,3240,1 1443,1146,2737,3320,0
data/images/IMG_20191025_161716.jpg 1410,1100,2857,3440,0 283,1026,1463,3386,1
data/images/IMG_20191025_161719.jpg 1397,986,3023,3666,0 83,1006,1397,3560,1
data/images/IMG_20191025_161721.jpg 50,966,1350,3800,1 1370,973,2990,3840,0
data/images/IMG_20191025_161743.jpg 357,1520,1417,3606,2 1650,1420,2817,3833,2
data/images/IMG_20191025_161747.jpg 1523,1373,2743,3680,2 310,1466,1330,3626,2
data/images/IMG_20191025_161749.jpg 830,833,2450,3840,2 1,1206,883,3836,2
data/images/IMG_20191025_161751.jpg 657,1060,2203,3873,2
data/images/IMG_20191025_161753.jpg 210,1360,1290,3706,2 1557,1326,2743,3753,2
data/images/IMG_20191025_161754.jpg 1503,1433,2483,3113,2 603,1566,1350,3093,2
data/images/IMG_20191025_161758.jpg 1503,1326,2303,2773,2 703,1460,1330,2833,2
data/images/IMG_20191025_161823.jpg 2270,160,3120,1943,2 543,2293,1537,4106,3 2530,2173,3120,3851,3 1550,2113,2543,4080,0 1350,226,2263,2080,1 237,146,1150,2046,2
data/images/IMG_20191025_161827.jpg 257,80,1450,2060,2 2503,166,3120,2126,2 1430,300,2530,2140,1 1663,2226,2642,4160,0 683,2300,1457,4106,3 2650,2260,3120,4053,3
data/images/IMG_20191025_161829.jpg 604,2400,1523,4066,3 2570,2246,3120,3966,3 1557,2226,2595,4160,0 2423,246,3120,2083,2 323,233,1303,2093,2 1337,360,2437,2180,1
data/images/IMG_20191025_161840.jpg 1370,206,2323,2173,1 557,2360,1537,4106,3 2550,2206,3120,4026,3 1563,2140,2670,4140,0 2350,126,3120,1969,2 203,113,1210,2106,2
data/images/IMG_20191025_161841.jpg 1,93,637,1986,2 1890,19,2990,1986,2 843,146,1843,2113,1 2190,1953,2910,3920,3 50,2220,1097,4140,3 1137,2146,2230,4113,0
data/images/IMG_20191025_161842.jpg 550,2040,1617,4026,0 2510,66,3120,1914,0 1490,66,2583,2006,2 383,160,1477,2006,1 2437,2026,3117,3940,1 1617,2000,2403,3893,3 1,2213,623,3900,3
data/images/IMG_20191025_161843.jpg 1,2226,663,3904,3 1583,2120,2457,3906,3 643,2060,1690,4000,0 2663,240,3120,2096,0 2463,2160,3120,3870,1 563,300,1617,2073,1 1610,173,2630,2133,2 1,186,503,1958,2
data/images/IMG_20191025_161844.jpg 1297,80,2250,2040,2 223,246,1203,2126,1 2177,2200,3120,3900,1 1310,2140,2177,3800,3 317,2100,1343,4066,0 2237,213,3117,2080,0
data/images/IMG_20191025_161845.jpg 1670,380,2597,2066,0 1,2160,757,4123,0 743,2180,1557,3953,3 1,353,630,2070,1 1537,2140,2663,3886,1 730,180,1583,2046,2
data/images/IMG_20191025_161846.jpg 590,126,1477,2006,2 1557,2073,2430,3833,1 1563,220,2510,2013,0 1,2113,650,3993,0 683,2113,1437,3773,3
data/images/IMG_20191025_161847.jpg 617,2313,1330,4026,3 1477,520,2357,2206,0 1,2306,517,4137,0 510,333,1330,2193,2
data/images/IMG_20191025_161847_1.jpg 1423,420,2343,2200,0 423,240,1303,2220,2 470,2380,1310,4046,3 1357,2233,2350,4100,1
data/images/IMG_20191025_161848.jpg 1450,2146,2450,4133,1 550,2280,1410,4113,3 1450,206,2517,2153,0 397,80,1363,2173,2
data/images/IMG_20191025_161852.jpg 1514,1,2817,2280,2 217,26,1483,2233,1 1560,2313,2510,4160,3 363,2286,1677,4146,0
data/images/IMG_20191025_161853.jpg 317,2273,1550,4140,0 197,180,1370,2253,1 2470,2333,3120,4156,1 1483,2340,2383,4146,3 1450,20,2603,2213,2 2577,160,3120,2241,0
data/images/IMG_20191025_161856.jpg 1312,1,2537,2040,0 33,1,1270,1980,2 1262,2093,2490,4160,1 131,2226,1163,4160,3
data/images/IMG_20191025_161857.jpg 270,2220,1250,4160,3 1263,2266,2517,4153,1 90,1,1357,2053,2 1372,1,2590,2033,0
data/images/IMG_20191025_161901.jpg 1655,2460,2830,4160,0 530,2586,1710,4153,3 1563,446,2750,2420,1 370,213,1583,2226,2
data/images/IMG_20191025_161902.jpg 377,20,1537,2053,2 511,2306,1763,4160,3 1717,2266,2749,4160,0 1583,140,2837,2193,1
data/images/IMG_20191025_161907.jpg 643,346,2590,4113,3
data/images/IMG_20191025_161907_1.jpg 617,213,2543,4113,3
data/images/IMG_20191025_161908.jpg 657,453,2510,4160,3
data/images/IMG_20191025_161908_1.jpg 463,260,2557,4086,3
data/images/IMG_20191025_161909.jpg 637,180,2677,4113,3
data/images/IMG_20191025_161912.jpg 450,693,2530,4160,2
data/images/IMG_20191025_161913.jpg 330,493,2457,4113,2
data/images/IMG_20191025_161913_1.jpg 337,273,2637,4153,2
data/images/IMG_20191025_161914.jpg 243,193,2577,4113,2
data/images/IMG_20191025_161914_1.jpg 237,46,2637,4106,2
data/images/IMG_20191025_161915.jpg 263,13,2710,4153,2
data/images/IMG_20191025_161916.jpg 437,40,2830,3993,2
data/images/IMG_20191025_161919.jpg 477,786,2543,4093,1
data/images/IMG_20191025_161920.jpg 470,606,2497,4066,1
data/images/IMG_20191025_161920_1.jpg 543,500,2577,4146,1
data/images/IMG_20191025_161921.jpg 543,353,2610,3993,1
data/images/IMG_20191025_161921_1.jpg 603,380,2717,4046,1
data/images/IMG_20191025_161921_2.jpg 563,220,2770,3873,1
data/images/IMG_20191025_161922.jpg 577,180,2657,3640,1
data/images/IMG_20191025_161923.jpg 750,1086,2363,3886,1
data/images/IMG_20191025_161927.jpg 530,1386,2377,4160,0
data/images/IMG_20191025_161927_1.jpg 574,1133,2350,4160,0
data/images/IMG_20191025_161928.jpg 614,853,2397,4160,0
data/images/IMG_20191025_161929.jpg 620,613,2410,4160,0
data/images/IMG_20191025_161929_1.jpg 633,520,2370,4160,0
data/images/IMG_20191025_161930.jpg 477,527,2503,4094,0
data/images/IMG_20191025_161930_1.jpg 512,300,2310,4160,0
data/images/IMG_20191025_161931.jpg 537,480,2609,4160,0
data/images/IMG_20191025_161932.jpg 397,120,2310,4146,0
data/images/IMG_20191025_161932_1.jpg 323,26,2323,4066,0
data/images/IMG_20191025_161933.jpg 577,846,1910,3853,0
data/images/IMG_20191025_161935.jpg 217,326,2317,4100,0
data/images/IMG_20191025_161945.jpg 750,40,2017,2533,0 1843,1520,2930,4013,3 110,1480,1463,4013,1
data/images/IMG_20191025_161945_1.jpg 90,1580,1370,4106,1 790,40,1997,2553,0 1741,1546,3120,4053,3
data/images/IMG_20191025_161946.jpg 750,26,2037,2580,0 1837,1646,3063,4040,3 123,1553,1417,4120,1
data/images/IMG_20191025_162249.jpg 710,693,1470,2013,1 1630,740,2463,2100,2 1370,2060,2023,3473,3 2543,811,3120,2173,0
data/images/IMG_20191025_162249_1.jpg 2670,613,3120,2172,0 1630,666,2490,2026,2 623,586,1437,1980,1 1357,2080,2050,3486,3
data/images/IMG_20191025_162250.jpg 1323,2133,2077,3686,3 503,526,1490,2080,1 1683,633,2497,2133,2
data/images/IMG_20191025_162251.jpg 1723,413,2723,2246,2 397,340,1517,2066,1 1257,2140,2177,4013,3
data/images/IMG_20191025_162251_1.jpg 1216,2280,2190,4160,3 243,273,1397,2180,1 1543,346,2770,2320,2
data/images/IMG_20191025_162252.jpg 1677,53,2977,2207,2 223,13,1523,2026,1 1203,2200,2430,4153,3
data/images/IMG_20191025_162253.jpg 1190,2046,2223,4093,3 1743,206,2757,2206,2 363,106,1490,1993,1
data/images/IMG_20191025_162253_1.jpg 143,206,1197,1953,1 1357,313,2290,2113,2 923,2060,1750,3733,3
data/images/IMG_20191025_162254.jpg 477,2066,1323,3820,3 796,466,1796,2146,2 2017,433,2937,2226,0 2170,2346,3120,4034,1 1,454,710,2020,1
data/images/IMG_20191025_162255.jpg 423,406,1430,2126,2 1610,340,2570,2173,0 1863,2360,2903,4086,1 143,2073,990,3840,3
data/images/IMG_20191025_162255_1.jpg 1650,93,2697,2133,0 370,140,1423,2046,2 43,1993,877,3953,3 1817,2266,3059,4160,1
data/images/IMG_20191025_162256.jpg 1857,2146,3063,4060,1 1630,13,2650,1953,0 310,66,1430,1966,2 30,1880,883,3860,3
data/images/IMG_20191025_162257.jpg 1,2111,850,3653,3 1717,2180,2690,3933,1 1437,300,2397,2040,0 303,313,1223,2026,2
data/images/IMG_20191025_162258.jpg 17,526,663,2046,2 2083,440,3050,2060,2 1117,2313,2023,3966,1 890,473,1763,2140,0
data/images/IMG_20191025_162258_1.jpg 410,373,1390,2153,0 1670,353,2717,2066,2 637,2326,1630,4040,1 2463,2206,3120,3786,3
data/images/IMG_20191025_162259.jpg 2517,2200,3120,3807,3 1683,286,2717,2046,2 350,306,1370,2086,0 577,2300,1630,4080,1
data/images/IMG_20191025_162300.jpg 217,2373,1263,4146,1 1,382,1037,2226,0 1337,313,2243,2186,2 2130,2266,3120,3916,3 2550,416,3120,1973,0
data/images/IMG_20191025_162300_1.jpg 2050,326,3120,1915,0 1,386,550,2241,0 943,260,1823,2206,2 1750,2253,2650,3953,3 1,2400,883,4073,1
data/images/IMG_20191025_162301.jpg 1743,460,2857,2080,0 590,420,1477,2206,2 1343,2346,2283,3993,3
data/images/IMG_20191025_162302.jpg 1170,2420,2143,4153,3 1644,374,2783,2113,0 350,306,1330,2253,2
data/images/IMG_20191025_162304.jpg 2283,880,3103,2166,0 290,793,1143,2133,0 283,2320,1217,3626,1 1883,2313,2530,3666,3 1337,793,2150,2173,2
data/images/IMG_20191025_162305.jpg 1323,946,2077,2193,2 2257,1020,3010,2220,0 310,906,1130,2226,0 1810,2433,2557,3706,3 390,2406,1183,3760,1
data/images/IMG_20191025_162306.jpg 537,2320,1197,3493,1 1857,2246,2463,3480,3 2203,993,2917,2100,0 477,873,1157,2180,0 1383,913,2057,2180,2
data/images/IMG_20191025_162308.jpg 1230,753,1977,2146,2 276,646,1103,2073,1 2257,2360,3120,3890,1 810,2106,1523,3506,3 2090,793,2977,2260,0
data/images/IMG_20191025_162309.jpg 2083,800,3003,2233,0 1183,753,2057,2100,2 237,693,1117,2033,1 2257,2346,3117,3873,1 870,2086,1610,3473,3
data/images/IMG_20191025_162309_1.jpg 1270,766,1937,2120,2 283,646,1050,1926,1 2183,2313,2970,3726,1 877,2033,1537,3340,3 2043,833,2857,2193,0
data/images/IMG_20191025_162318.jpg 1310,1786,1737,2713,0 2577,1866,3097,2633,0 1977,1806,2430,2686,2 697,1773,1203,2666,2 2350,2786,2830,3706,3 390,2620,950,3600,3 1350,2780,1877,3740,1 123,1786,663,2620,1
data/images/IMG_20191025_162319.jpg 1350,2786,1883,3760,1 43,1693,583,2573,1 683,1706,1190,2600,2 1970,1753,2490,2673,2 1317,1733,1770,2700,0 2543,1800,3120,2609,0 2417,2760,2883,3680,3 377,2633,897,3526,3
data/images/IMG_20191025_162411.jpg 1517,2100,2703,4113,3 310,173,1457,2213,1 1397,126,2490,2140,2
data/images/IMG_20191025_162413.jpg 610,326,1763,2166,2 10,373,697,2293,1 1717,2040,3090,4080,1 496,2206,1730,4093,3 1863,126,2803,2086,0
data/images/IMG_20191025_162417.jpg 1557,113,2610,2140,0 297,413,1497,2173,2 1390,2040,2763,3906,1 323,2173,1469,4046,3
data/images/IMG_20191025_162420.jpg 358,1,1517,1953,0 1637,380,2450,1926,3 277,1946,1450,3846,1 1483,1873,2786,4160,2
data/images/IMG_20191025_162422.jpg 537,2007,1537,4160,2 1597,2053,2743,4013,0 683,506,1637,2000,3
data/images/IMG_20191025_162423.jpg 670,480,1650,1986,3 1563,1953,2743,3926,0 1,93,517,1989,0 277,1973,1543,4013,2
data/images/IMG_20191025_162425.jpg 350,1966,1623,4106,2 763,406,1703,1980,3 1683,1960,3010,3880,0 1,53,637,1957,0
data/images/IMG_20191025_162444.jpg 577,906,1450,2053,3 283,2093,1577,3846,2 1443,800,2430,1973,1 2490,2206,3120,3966,1 1603,1946,2550,3946,0 2430,760,3120,2151,2
data/images/IMG_20191025_162447.jpg 630,860,1457,1960,3 350,2040,1603,3767,2 1383,1933,2590,3846,0 1423,760,2423,1966,1 2457,2153,3120,3932,1 2417,666,3120,2134,2
data/images/IMG_20191025_162449.jpg 1,1940,530,3824,2 1623,613,2537,2146,2 697,1900,1623,3900,0 2590,586,3120,2062,0 1697,2126,2717,3973,1 703,660,1610,1933,1 1,766,677,1951,3 2663,2073,3120,3737,3
data/images/IMG_20191025_162453.jpg 1530,2106,2517,3740,3 637,2113,1557,3986,1 1,666,610,1981,1 637,673,1530,2140,2 1537,613,2490,2093,0 1,1953,583,3903,0
data/images/IMG_20191025_162455.jpg 1610,93,2750,1913,0 1663,1960,2837,4006,3 357,160,1603,2033,2 256,2019,1630,4133,1
data/images/IMG_20191025_162457.jpg 283,2033,1577,4160,1 1563,1946,2750,4026,3 1577,280,2663,1933,0 463,366,1523,2000,2
data/images/IMG_20191025_162459.jpg 543,1866,1563,3493,2 1497,1826,2417,3613,0 2357,1966,3120,3684,1 1523,1013,2303,1813,1 790,1106,1483,1840,3 2290,993,3083,1980,2
data/images/IMG_20191025_162501.jpg 1630,1186,2310,1940,2 183,1893,1030,3173,2 917,1833,1757,3240,0 2277,1140,2950,1913,0 1637,1992,2590,3299,1 1023,1186,1657,1846,1 2343,1880,3120,3123,3 423,1246,1050,1900,3
data/images/IMG_20191025_162505.jpg 350,740,1017,1520,3 2497,1586,3120,2762,3 1003,633,1743,1513,1 1697,1673,2550,2953,1 1063,1500,1737,2993,0 2403,566,3057,1580,0 1810,600,2423,1660,2 330,1500,950,2953,2
data/images/IMG_20191025_162507.jpg 197,1766,857,3240,2 1683,820,2357,1920,2 2370,813,3003,1873,0 950,1713,1690,3240,0 1657,1946,2437,3273,1 950,900,1697,1780,1 303,886,903,1806,3 2423,1893,3083,3073,3
data/images/IMG_20191025_162508.jpg 2490,2293,3110,3500,3 243,1253,857,2253,3 103,2206,803,3673,2 1670,1146,2350,2313,2 2437,1093,3063,2260,0 857,2173,1683,3740,0 910,1200,1677,2186,1 1623,2333,2530,3720,1
data/images/IMG_20191025_162511.jpg 190,1340,830,2360,3 2490,2480,3090,3760,3 910,1306,1643,2300,1 1690,2513,2483,3953,1 817,2346,1683,3866,0 2377,1266,3103,2480,0 1703,1293,2457,2473,2 50,2346,783,3853,2
data/images/IMG_20191025_162645.jpg 450,1093,1390,3213,2 1377,993,2697,3166,1
data/images/IMG_20191025_162645_1.jpg 1377,1026,2637,3173,1 283,1133,1590,3060,2
data/images/IMG_20191025_162646.jpg 130,1120,1490,3086,2 1263,993,2557,3186,1
data/images/IMG_20191025_162648.jpg 210,1086,1603,3346,1 1737,1000,2850,3320,0
data/images/IMG_20191025_162649.jpg 1717,933,2950,3580,0 290,1120,1397,3640,1
data/images/IMG_20191025_162650.jpg 70,1126,1437,3806,1 1737,926,3030,3680,0
data/images/IMG_20191025_162651.jpg 1630,906,2963,3686,0 23,1153,1423,3886,1
data/images/IMG_20191025_162652.jpg 243,1046,1843,3573,0 1723,1480,3077,3613,3
data/images/IMG_20191025_162653.jpg 1517,1326,2557,3493,3 137,773,1503,3533,0
data/images/IMG_20191025_162654.jpg 203,720,1597,3453,0 1483,1333,2830,3520,3
data/images/IMG_20191025_162654_1.jpg 1710,1413,2623,3393,3 297,873,1563,3526,0
data/images/IMG_20191025_162656.jpg 1650,1026,3043,3620,0 190,1113,1423,3700,1
data/images/IMG_20191025_162657.jpg 450,1206,1637,3640,1 1610,1151,3120,3506,0
data/images/IMG_20191025_162657_1.jpg 463,1300,1823,3440,2 1670,1273,2910,3486,1
data/images/IMG_20191025_162659.jpg 1210,1560,2150,3013,1 2083,1540,3010,3080,0 550,1553,1270,3040,2
data/images/IMG_20191025_162700.jpg 477,1573,1357,2986,2 1190,1600,2057,3046,1 2077,1613,3043,3140,0
data/images/IMG_20191025_162701.jpg 1603,1540,2497,2966,0 923,1580,1557,2966,1 117,1593,943,2880,2 2463,1786,3083,3113,3
data/images/IMG_20191025_162702.jpg 2323,1773,3043,3040,3 1670,1506,2297,2953,0 757,1560,1557,2853,1 57,1560,890,2833,2
data/images/IMG_20191025_162704.jpg 30,1646,1017,3486,1 1177,1533,1983,3380,0 2023,1913,2897,3533,3
data/images/IMG_20191025_162705.jpg 2123,1933,3097,3700,3 1050,1666,2277,3453,0 163,1633,1077,3606,1
data/images/IMG_20191025_162706.jpg 97,1640,1003,3546,1 1217,1593,2050,3580,0 2130,1953,2990,3626,3
data/images/IMG_20191025_162706_1.jpg 2210,1720,3030,3433,3 1110,1486,2297,3253,0 63,1440,1050,3413,1
data/images/IMG_20191025_162707.jpg 83,1273,1090,3220,1 1270,1146,2243,3166,0 2250,1593,3030,3233,3
data/images/IMG_20191025_162708.jpg 2383,1393,3120,3043,3 1277,1026,2443,2980,0 97,1193,1190,3140,1
data/images/IMG_20191025_162709.jpg 2183,1480,2910,3106,3 1117,1220,2283,3180,0 50,1346,1050,3233,1
data/images/IMG_20191025_162709_1.jpg 203,1440,1077,3273,1 1170,1406,2217,3253,0 2157,1680,3063,3293,3
data/images/IMG_20191025_162711.jpg 2357,1766,3010,2900,3 1643,1586,2390,2806,0 963,1566,1590,2826,1 237,1593,917,2860,2
data/images/IMG_20191025_162711_1.jpg 417,1713,1130,2713,2 1023,1653,1710,2766,1 1790,1640,2310,2786,0 2363,1866,2923,2866,3
data/images/IMG_20191025_162712.jpg 2343,1893,2777,2806,3 1723,1700,2423,2780,0 1210,1720,1697,2753,1 616,1720,1203,2673,2
data/images/IMG_20191025_162713.jpg 683,1686,1297,2593,2 1177,1713,1763,2626,1 1823,1633,2290,2666,0 2297,1886,2743,2760,3
data/images/IMG_20191025_162754.jpg 330,1479,1783,3653,2 1483,1546,2270,3319,2 2263,1732,3063,3526,3
data/images/IMG_20191025_162758.jpg 1,1426,1123,3553,2 857,1440,1477,3060,2 1490,1660,2190,3140,3 2130,1473,3090,3406,0
data/images/IMG_20191025_162759.jpg 2170,1493,3090,3446,0 1491,1659,2277,3213,3 1,1446,750,3711,2 777,1586,1570,3053,2
data/images/IMG_20191025_162800.jpg 17,1633,877,3860,2 870,1593,1503,3193,2 1497,1753,2183,3233,3 2143,1613,3117,3493,0
data/images/IMG_20191025_162800_1.jpg 2143,1546,3010,3260,0 1490,1653,2130,3020,3 863,1513,1463,3053,2 90,1486,930,3560,2
data/images/IMG_20191025_162802.jpg 57,1606,943,3133,2 790,1713,1563,3213,3 1443,1594,2409,3480,0 2343,1660,3037,3360,1
data/images/IMG_20191025_162803.jpg 2383,1613,3070,3460,1 1510,1540,2443,3560,0 797,1706,1530,3266,3 20,1513,797,3231,2
data/images/IMG_20191025_162803_1.jpg 1,1526,650,3259,2 657,1686,1510,3340,3 1403,1540,2490,3586,0 2370,1640,3120,3547,1
data/images/IMG_20191025_162804.jpg 2297,1733,3043,3500,1 1377,1633,2410,3606,0 810,1700,1470,3240,3 1,1580,763,3226,2
data/images/IMG_20191025_162805.jpg 37,1646,737,3286,2 790,1746,1490,3280,3 1390,1613,2403,3500,0 2304,1746,3024,3519,1
data/images/IMG_20191025_162806.jpg 1977,1580,2870,3706,1 950,1460,2110,3873,0 150,1673,1057,3540,3
data/images/IMG_20191025_162807.jpg 110,1620,1010,3520,3 830,1460,2183,3866,0 2010,1580,2910,3726,1
data/images/IMG_20191025_162808.jpg 2017,1586,2883,3733,1 923,1420,2110,3940,0 37,1620,1050,3560,3
data/images/IMG_20191025_162808_1.jpg 90,1646,1057,3506,3 837,1473,2137,3860,0 2043,1620,2903,3693,1
data/images/IMG_20191025_162809.jpg 2077,1593,2857,3560,1 350,1633,1150,3366,3 1010,1506,2143,3646,0
data/images/IMG_20191025_162810.jpg 190,1646,970,3333,3 850,1526,1963,3573,0 1870,1680,2683,3473,1
data/images/IMG_20191025_162811.jpg 1557,1586,2263,3406,1 2263,1660,3120,3791,0 450,1460,1683,3493,0 10,1626,730,3300,3
data/images/IMG_20191025_162811_1.jpg 177,1500,1417,3653,0 1350,1620,2057,3466,1 2023,1673,3120,3925,0
data/images/IMG_20191025_162812.jpg 63,1506,1343,3646,0 1990,1700,3103,4026,0 1223,1580,1997,3500,1
data/images/IMG_20191025_162813.jpg 1857,1646,3030,3966,0 1123,1553,1883,3500,1 23,1413,1237,3740,0
data/images/IMG_20191025_162814.jpg 1830,1646,3010,3946,0 1,1466,1136,3707,0 990,1560,1823,3506,1
data/images/IMG_20191025_162815.jpg 997,1653,1670,3333,1 1663,1726,2630,3713,0 10,1540,1097,3466,0
data/images/IMG_20191025_162816.jpg 50,1513,1190,3433,0 1723,1733,2683,3666,0 1070,1686,1750,3300,1
data/images/IMG_20191025_162817.jpg 1137,1640,1797,3246,1 1783,1713,2657,3526,0 110,1493,1237,3333,0
data/images/IMG_20191025_162817_1.jpg 270,1553,1283,3320,0 1830,1700,2690,3513,0 1190,1606,1870,3233,1
data/images/IMG_20191025_162827.jpg 177,820,1537,3740,0 1663,873,3083,3760,0
data/images/IMG_20191025_162828.jpg 1543,1066,3030,3793,0 117,1020,1477,3826,0
data/images/IMG_20191025_162828_1.jpg 1490,1080,2970,3666,0 83,980,1517,3700,0
data/images/IMG_20191025_162829.jpg 169,1253,1436,3747,0 1423,1280,2883,3726,0
data/images/IMG_20191025_162829_1.jpg 210,1260,1457,3740,0 1457,1333,2863,3706,0
data/images/IMG_20191025_162830.jpg 37,1120,1543,3913,0 1450,1186,3010,3833,0
data/images/IMG_20191025_162831.jpg 1,1020,1490,3894,0 1457,1113,3050,3860,0
data/images/IMG_20191025_162831_1.jpg 1463,1006,3083,3826,0 30,906,1430,3953,0
data/images/IMG_20191025_162832.jpg 1430,940,3077,3873,0 1,860,1377,3974,0
data/images/IMG_20191025_162906.jpg 284,1273,1383,3193,1 1523,1360,3037,3300,1
data/images/IMG_20191025_162909.jpg 1603,1400,3023,3880,1 50,1293,1470,3473,1
data/images/IMG_20191025_162927.jpg 1563,946,3097,3806,3 23,966,1557,4066,3
data/images/IMG_20191025_162929.jpg 57,1173,1510,3866,3 1510,1146,3077,3733,3
data/images/IMG_20191025_162931.jpg 1437,1246,3063,3713,3 177,1313,1557,3826,3
data/images/IMG_20191025_162933.jpg 50,1393,1530,4153,3 1470,1273,3017,3986,3
data/images/IMG_20191025_162935.jpg 1737,1100,2977,4006,3 143,1240,1417,3986,3
data/images/IMG_20191025_162951.jpg 1543,1313,3003,4120,3 37,1366,1370,4126,3
data/images/IMG_20191025_162953.jpg 1630,1046,2997,3940,3 10,1066,1517,3846,3
data/images/IMG_20191025_163004.jpg 1656,1060,3120,4060,2 70,1060,1543,4040,2
data/images/IMG_20191025_163007.jpg 1550,1380,2950,4126,2 103,1320,1517,4026,2
data/images/IMG_20191025_163010.jpg 110,1340,1457,3913,2 1563,1353,2937,4086,2
data/images/IMG_20191025_163012.jpg 1657,1260,3097,4134,2 50,1213,1510,4100,2
data/images/IMG_20191025_163015.jpg 1570,893,3097,3880,2 1,873,1477,3761,2
data/images/IMG_20191025_163017.jpg 1617,813,3120,3409,2 50,726,1530,3526,2
data/images/IMG_20191025_163020.jpg 17,1180,1450,3473,2 1603,1153,3090,3493,2
data/images/IMG_20191025_163023.jpg 1603,1106,3043,4040,2 1,993,1450,3791,2
data/images/IMG_20191025_163024.jpg 1,873,1490,3621,2 1623,913,2983,3940,2
data/images/IMG_20191025_163027.jpg 1663,826,3057,3926,2 1,726,1537,3568,2
data/images/IMG_20191025_163028.jpg 1677,1013,3023,3953,2 1,893,1563,3640,2
data/images/IMG_20191025_163120.jpg 1,820,597,2226,2 663,800,1477,2273,0 2497,992,3120,2333,0 1617,900,2430,2166,3 1083,2333,2170,3940,1 1,2358,1057,3966,1
data/images/IMG_20191025_163122.jpg 610,2346,1637,3966,1 1290,873,1977,2206,3 2070,933,2837,2326,0 210,766,1110,2253,0
data/images/IMG_20191025_163124.jpg 1877,880,2923,2300,0 70,773,943,2340,0 530,2286,1410,4093,1 1203,853,1890,2273,3
data/images/IMG_20191025_163126.jpg 1517,1306,2123,2353,3 1170,2440,1870,3633,1 337,2413,1070,3640,1 2203,1346,2870,2413,0 850,1173,1450,2353,0 110,1220,783,2320,2
data/images/IMG_20191025_163129.jpg 370,1126,957,2246,2 1023,1253,1597,2380,2 2503,1300,3037,2453,3 463,2373,1163,3580,3 1217,2433,1983,3780,1 2050,2513,2830,3813,1 1670,1200,2377,2440,0
data/images/IMG_20191025_163131.jpg 177,900,750,2226,2 917,1053,1563,2353,2 1630,1000,2390,2433,0 2530,1053,3120,2331,3 250,2280,1063,3713,3 1103,2386,2037,3886,1 2010,2426,2977,3880,1
data/images/IMG_20191025_163134.jpg 2103,2426,3120,3958,1 1130,2380,2217,3980,1 170,2280,1137,3826,3 83,793,790,2213,2 870,966,1657,2346,2 1703,886,2557,2373,0 2690,926,3120,2309,3
data/images/IMG_20191025_163136.jpg 1117,900,2017,2406,0 2137,986,2830,2360,3 1583,2420,2570,4060,1 570,2460,1557,4060,1 317,966,1110,2420,2
data/images/IMG_20191025_163139.jpg 2037,1080,2903,2413,0 230,926,1083,2433,0 1310,1026,1910,2393,3 657,2506,1670,4033,1 1,2473,603,4016,1
data/images/IMG_20191025_163541.jpg 2110,2140,2817,3493,0 970,980,1537,2126,0 2077,933,2770,2086,2 797,2133,1530,3473,2 1443,2193,2237,3413,1 223,886,877,2093,1 283,2166,957,3433,3 1583,1020,2110,2040,3
data/images/IMG_20191025_163542.jpg 130,666,857,2073,1 1457,2193,2343,3540,1 177,2160,903,3573,3 1617,826,2223,1980,3 923,766,1570,2100,0 2197,2093,3030,3660,0 797,2160,1557,3633,2 2163,680,2983,2040,2
data/images/IMG_20191025_163543.jpg 2243,593,3120,2128,2 703,2246,1603,3886,2 37,686,803,2153,1 1483,2273,2457,3780,1 2337,2206,3120,3876,0 890,720,1603,2193,0 1623,853,2363,2026,3 30,2253,803,3873,3
data/images/IMG_20191025_163544.jpg 137,2340,837,3706,3 1563,1106,2110,2113,3 857,1026,1717,2260,0 2223,2226,2977,3726,0 1550,2346,2177,3626,1 150,980,983,2206,1 2097,933,2870,2220,2 803,2300,1510,3706,2
data/images/IMG_20191025_163545.jpg 2003,1086,2677,2186,2 910,2286,1590,3440,2 1003,1166,1537,2240,0 2083,2260,2717,3480,0 437,1180,977,2220,1 1457,2346,2177,3393,1 1523,1213,2090,2133,3 390,2233,983,3406,3
data/images/IMG_20191025_163625.jpg 417,1186,1123,2040,1 1457,2180,1963,3193,1 1030,1253,1590,2086,0 2003,2126,2503,3260,0 1990,1140,2497,2080,2 943,2006,1517,3126,2 490,2106,1063,3060,3 1517,1293,1990,2140,3
data/images/IMG_20191025_163625_1.jpg 1510,1226,1957,2153,3 450,2100,970,3053,3 943,2013,1497,3166,2 1950,1073,2570,2120,2 1997,2106,2677,3312,0 977,1233,1623,2046,0 1410,2173,2003,3206,1 437,1166,1090,2040,1
data/images/IMG_20191025_163626.jpg 283,1153,1063,2133,1 1443,2266,2037,3386,1 2030,2160,2657,3393,0 937,1226,1597,2100,0 323,2113,990,3233,3 1503,1226,2057,2193,3 883,2040,1530,3253,2 1983,1066,2643,2126,2
data/images/IMG_20191025_163627.jpg 1983,926,2770,2080,2 743,1966,1497,3313,2 177,2106,903,3293,3 1497,1086,1997,2100,3 877,1120,1610,2086,0 2077,2146,2737,3480,0 1423,2220,2063,3426,1 170,1053,1030,2053,1
data/images/IMG_20191025_163627_1.jpg 2083,953,2770,2186,2 730,2160,1457,3573,2 1336,2360,2063,3620,1 90,1053,1004,2160,1 843,1180,1563,2213,0 2110,2287,2803,3713,0 1497,1173,2077,2286,3 830,1140,1570,2193,0 183,2246,870,3506,3
data/images/IMG_20191025_163628.jpg 23,1053,910,2233,1 1329,2406,2209,3846,1 2097,786,2950,2233,2 657,2173,1617,3753,2 2163,2253,3037,3880,0 730,1066,1610,2213,0 1477,1100,2137,2246,3 83,2226,737,3720,3
data/images/IMG_20191025_163629.jpg 1517,966,2223,2260,3 3,2153,630,3813,3 657,2080,1510,3833,2 2157,686,2983,2240,2 2297,2260,3037,3980,0 716,906,1596,2106,0 1,840,822,2113,1 1377,2360,2190,3913,1
data/images/IMG_20191025_163629_1.jpg 1377,2226,2223,3866,1 17,653,803,2013,1 597,740,1643,1993,0 2270,2106,3120,3901,0 2150,493,3097,2086,2 517,1893,1530,3740,2 1523,806,2230,2080,3 3,2053,677,3726,3
data/images/IMG_20191025_163633.jpg 210,1853,1277,3940,3 2390,239,3120,2086,3 1303,226,2477,1906,0 163,60,1457,1826,1 2343,2153,3117,4153,1 1237,1793,2350,4026,2
data/images/IMG_20191025_163634.jpg 2383,2133,3120,4160,1 310,113,1530,1800,1 250,1833,1363,3880,3 2390,220,3117,2053,3 1450,273,2410,1846,0 1303,1873,2590,3980,2
data/images/IMG_20191025_163637.jpg 1177,140,2417,1853,2 1277,1826,2603,4160,0 417,353,1417,1973,3 43,2073,1263,4106,1
data/images/IMG_20191025_163637_1.jpg 117,1960,1383,4060,1 1317,1900,2370,4026,0 403,306,1337,1886,3 1270,53,2363,1846,2
data/images/IMG_20191025_163638.jpg 1383,46,2443,1846,2 430,246,1337,1900,3 23,2026,1243,4086,1 1303,1920,2537,4120,0
data/images/IMG_20191025_163639.jpg 1357,1826,2583,4140,0 57,1866,1430,4160,1 1303,13,2517,1826,2 430,80,1410,1833,3
data/images/IMG_20191025_163639_1.jpg 570,386,1437,1953,3 1337,140,2430,1940,2 1370,1833,2697,4120,0 283,2026,1450,4040,1
data/images/IMG_20191025_163640.jpg 1557,1893,2610,3673,0 1590,520,2483,1906,2 923,706,1617,1946,3 237,673,1070,1806,0 777,2006,1710,3546,1 63,1800,917,3520,2
data/images/IMG_20191025_163641.jpg 157,793,977,1813,1 1383,1999,2057,3239,1 1970,1873,2923,3353,0 943,893,1543,1873,0 103,1846,863,3106,3 1530,893,2063,1953,3 1997,666,2730,1840,2 717,1800,1423,3160,2
data/images/IMG_20191025_163642.jpg 2130,780,2717,1866,2 857,1846,1477,3126,2 1470,1966,2057,3160,1 243,840,1037,1873,1 963,953,1583,1886,0 2010,1940,2837,3313,0 1490,913,2103,1893,3 257,1886,997,3100,3
data/images/IMG_20191025_163642_1.jpg 383,1960,923,3153,3 1523,1093,2070,2086,3 2070,906,2703,2040,2 917,1966,1537,3106,2 1403,2080,2023,3240,1 357,973,1057,1946,1 983,1040,1657,1966,0 2057,2080,2637,3346,0
data/images/IMG_20191025_163716.jpg 2517,1586,2903,2493,0 830,2193,1417,3506,0 1577,2180,2177,3453,3 177,2333,657,3113,3 103,1486,643,2260,2 1670,1040,2323,2253,2 2350,2486,2817,3313,1 977,1046,1597,2186,1
data/images/IMG_20191025_163718.jpg 950,986,1643,2200,1 2490,2513,2977,3373,1 2670,1613,3103,2480,0 750,2313,1583,3653,0 1650,2360,2323,3666,3 90,2406,543,3200,3 90,1486,623,2306,2 1723,886,2417,2313,2
data/images/IMG_20191025_163722.jpg 1683,1173,2343,2480,2 183,1713,703,2466,2 203,2653,617,3340,3 1663,2553,2237,3826,3 2590,1720,3110,2666,0 757,2520,1557,3833,3 903,1226,1630,2426,1 2577,2680,3037,3553,1
data/images/IMG_20191025_163723.jpg 2490,2680,3023,3540,1 823,1306,1570,2413,1 197,1753,723,2500,2 1603,1233,2323,2480,2 2610,1706,3043,2640,0 710,2513,1490,3820,0 1570,2506,2203,3840,3 243,2580,623,3413,3
data/images/IMG_20191025_163727.jpg 1670,2280,2563,4153,3 1603,206,2757,2273,2 317,2220,1370,4120,0 257,293,1657,2226,1
data/images/IMG_20191025_163729.jpg 430,266,1657,2106,1 417,2120,1430,4153,0 1610,2173,2537,4066,3 1637,260,2710,2146,2
data/images/IMG_20191025_163732.jpg 1597,1386,2963,3953,2 163,1466,1383,4013,1
data/images/IMG_20191025_163735.jpg 210,1533,1410,3793,1 1597,1506,2743,3766,2
data/images/IMG_20191025_163738.jpg 1570,1093,2810,3473,3 1,1180,1470,3447,0
data/images/IMG_20191025_163740.jpg 90,1240,1417,3386,0 1577,1200,2670,3326,3
data/images/IMG_20191025_163742.jpg 1357,2233,2223,3966,3 237,426,1337,2086,1 1463,440,2383,2166,2 237,2166,1290,4000,0 2590,1273,3110,2346,0
data/images/IMG_20191025_163745.jpg 1130,2200,1830,3653,3 1163,713,1937,2080,2
data/images/IMG_20191025_163747.jpg 1123,446,2070,2146,2 990,2326,1930,4006,3
data/images/IMG_20191025_163749.jpg 1090,2213,1977,4086,3 1110,293,2237,2073,2
data/images/IMG_20191025_163752.jpg 1063,2153,1883,3693,1 1103,513,1937,2106,0
data/images/IMG_20191025_163754.jpg 1130,560,2043,2273,0 1083,2386,2037,3933,1
data/images/IMG_20191025_163756.jpg 1237,2166,1897,3426,1 1250,873,1950,2173,0
data/images/IMG_20191025_163910.jpg 1237,1180,2983,3520,0 103,1300,1363,3713,0
data/images/IMG_20191025_163911.jpg 1270,1199,2977,3560,2 1,1320,1384,3813,3
data/images/IMG_20191025_163912.jpg 1337,973,3043,3500,2 130,1020,1457,3826,3
data/images/IMG_20191025_163913.jpg 103,1060,1730,4013,3 1663,1006,3120,3667,2
data/images/IMG_20191025_163914.jpg 1430,1140,2930,3506,2 1,1213,1497,3880,3
data/images/IMG_20191025_163915.jpg 377,1280,1617,3700,3 1557,1180,3120,3613,2
data/images/IMG_20191025_163916.jpg 1257,1173,3010,3746,2 24,1246,1377,3673,3
data/images/IMG_20191025_163919.jpg 1,1260,1503,3900,2 1503,873,3110,3766,0
data/images/IMG_20191025_163920.jpg 1563,793,2997,3546,0 83,1246,1630,3740,2
data/images/IMG_20191025_163921.jpg 70,1360,1343,3880,2 1630,960,2817,3500,0
data/images/IMG_20191025_163923.jpg 97,1120,1397,3766,0 1410,1306,2870,3686,1
data/images/IMG_20191025_163923_1.jpg 1417,1073,3077,3746,1 63,866,1370,3773,0
data/images/IMG_20191025_163924.jpg 63,926,1437,3846,0 1497,1240,3120,3838,1
data/images/IMG_20191025_163925.jpg 1403,1140,3057,3766,1 43,826,1357,3740,0
data/images/IMG_20191025_163926.jpg 1603,1273,3037,3813,0 230,1326,1477,3706,1
data/images/IMG_20191025_163927.jpg 17,1146,1410,3760,1 1397,1180,2990,3840,0
data/images/IMG_20191025_163928.jpg 1443,1094,3043,3880,0 1,1300,1450,3672,1
data/images/IMG_20191025_163929.jpg 57,1193,1417,3853,1 1363,1020,3070,3893,0
data/images/IMG_20191025_163930.jpg 1077,1573,2103,3200,1 2103,1480,3070,3226,0 103,1340,1103,3246,0
data/images/IMG_20191025_163931.jpg 1990,1553,3037,3186,0 77,1386,937,3213,0 990,1613,1997,3120,1
data/images/IMG_20191025_163934.jpg 2257,1266,3097,3100,0 1183,1580,2157,3220,2 296,1660,1143,3220,3
data/images/IMG_20191025_163937.jpg 130,1100,1363,3493,3 1430,986,2863,3480,2
data/images/IMG_20191025_163941.jpg 450,33,2603,4060,3
data/images/IMG_20191025_163943.jpg 303,206,2743,4053,2
data/images/IMG_20191025_163947.jpg 597,26,2630,3926,3
data/images/IMG_20191025_163948.jpg 497,426,2443,3866,2
data/images/IMG_20191025_163950.jpg 723,86,2737,3733,0
data/images/IMG_20191025_163951.jpg 563,160,2543,3946,0
data/images/IMG_20191025_163952.jpg 663,306,2737,3920,0
data/images/IMG_20191025_163954.jpg 537,500,2603,3940,1
data/images/IMG_20191025_163955.jpg 677,146,2897,4026,1
data/images/IMG_20191025_163955_1.jpg 603,240,2697,4080,1
data/images/IMG_20191025_163956.jpg 557,620,2570,4000,1
data/images/IMG_20191025_163959.jpg 556,873,2977,4160,0
data/images/IMG_20191025_163959_1.jpg 590,433,2690,3853,0
data/images/IMG_20191025_164000.jpg 823,453,2977,3886,0
data/images/IMG_20191025_164001.jpg 857,566,2837,3980,0
data/images/interna_minions.jpg
data/images/jelp_app_a_domicilio_tijuana_Calimax_759149_Ruffles_Queso_200gr_Sabritas_530x_2x.png 374,82,668,559,2
data/images/logo_sabritas_chatbot_final.png 285,278,591,750,0 65,376,319,754,2 557,322,776,686,1 726,400,935,738,3
data/images/los_anunciantes_optaran_tambien_por_0_0_600_373.jpeg
data/images/maxresdefault.jpg 33,24,431,685,2
data/images/mayoreototal_caja_papas_sabritas_pack_en_1_paquete_de_30_piezas_sabritas_pepsico_papas_pepsico_sku_2.png 54,10,176,211,0
data/images/Mexican_Ruffles_Queso_chips_sabritas_4bags_55g.jpg 103,155,225,397,2 1,152,101,395,2 103,5,215,154,2 1,15,107,152,2
data/images/mqdefault.jpg 45,3,149,178,3
data/images/noticias.png 291,23,470,324,3
data/images/PAP10_1_800x.png
data/images/papas_ruffles_sabor_queso_200_g.jpg 301,149,909,1046,2
data/images/papas_sabritas_ruffles_doritos_mayoreo_300_piezas_mini_22_g_D_NQ_NP_860588_MLM31345370967_072019_F.jpg 325,190,812,606,0 45,237,383,601,2 780,191,1183,599,1
data/images/papas_sabritas_ruffles_queso_de_280_grs_D_NQ_NP_808405_MLM31368982219_072019_F.jpg 46,50,549,871,2
data/images/papas_sabritas_ruffles_queso_de_280_grs_D_NQ_NP_808405_MLM31368982219_072019_Q.jpg 12,16,167,267,2
data/images/papa_sabritas_ruffles_queso_290_gr_D_NQ_NP_786869_MLM31941140976_082019_Q.jpg 11,16,149,267,2
data/images/Promocion_Sabritas_regala_sabritas_2018_300x300.png 55,83,167,252,0
data/images/QUESO_CHEESE.png
data/images/ruffles_mexikanische_chips_mit_kase_geschmack_55_g_3215_004hm25_600x600.jpg 160,53,445,550,2
data/images/ruffles_queso(1).jpg 142,18,459,585,2
data/images/Ruffles_Queso(2).jpg 576,67,2028,2492,2
data/images/ruffles_queso.jpg 131,97,309,373,2
data/images/Ruffles_Queso_Flavored_Mexico.jpg 159,10,452,580,2
data/images/sabri.jpg 188,65,316,240,0
data/images/sabritas.jpg 1,7,160,232,0 275,45,379,208,1
data/images/sabritasmex_08.png 24,3,352,582,2
data/images/sabritas_cheetos_torciditos_chips_1.jpg 126,74,491,476,3
data/images/SABRITAS_ORIGINAL.png 105,16,282,297,0
data/images/sabritas_sonrisas.jpg
data/images/sabritas_tira_final.png 101,104,847,1210,0
data/images/s_l300(1).jpg 60,105,169,293,3 85,73,203,258,3 22,70,130,257,3 116,4,225,195,3 3,3,116,196,3
data/images/s_l300(2).jpg 30,41,105,169,2 90,32,166,163,2 159,48,239,166,2
data/images/s_l300(3).jpg 96,65,199,231,2 4,2,117,166,2 184,3,296,164,2 24,144,131,297,2 155,131,267,295,2
data/images/s_l300.jpg 8,9,174,291,3
data/images/s_l400.jpg
data/images/s_l640.jpg 26,1,413,638,2
data/images/vFMnau5N9wNBrKkcN6VF119ttdc4zdqb6pUkFlNK.png 55,141,180,384,1 167,115,335,384,0 321,138,441,377,2
data/images/vid_1_10.jpg 327,197,504,467,0 512,210,673,472,0 671,211,829,466,0 827,208,999,466,0
data/images/vid_1_100.jpg 743,537,854,693,2 853,536,955,685,2 335,225,478,488,0 512,223,667,486,0
data/images/vid_1_105.jpg 470,236,635,497,0 303,236,457,497,0 711,539,827,687,2 824,538,928,678,2
data/images/vid_1_110.jpg 276,237,415,505,0 439,224,599,500,0 679,538,793,701,2 799,536,910,680,2 897,538,1001,673,2
data/images/vid_1_115.jpg 277,219,410,494,0 392,225,570,482,0 658,539,783,688,2 762,532,858,676,2 872,538,971,658,2
data/images/vid_1_120.jpg 343,218,499,483,0 598,531,723,688,2 720,529,818,672,2 818,526,928,657,2
data/images/vid_1_125.jpg 559,522,668,681,2 677,520,772,661,2 773,522,878,648,2 295,218,446,479,0
data/images/vid_1_130.jpg 274,208,409,482,0 524,519,637,675,2 647,514,734,651,2 743,519,859,642,2 891,513,1004,706,3
data/images/vid_1_15.jpg 312,199,497,458,0 501,208,662,457,0 674,208,820,464,0 830,211,1001,463,0
data/images/vid_1_155.jpg 430,516,547,682,0 546,512,642,655,0 654,511,759,644,0 793,511,933,710,3
data/images/vid_1_160.jpg 766,499,909,710,3 397,516,520,687,2 516,512,624,660,2 627,506,728,632,2
data/images/vid_1_165.jpg 742,503,889,711,3 361,529,491,706,2 495,525,601,676,2 604,508,716,663,2
data/images/vid_1_170.jpg 726,501,878,716,3 364,535,486,707,2 489,523,590,676,2 593,514,705,660,2
data/images/vid_1_175.jpg 365,526,484,698,2 496,520,596,662,2 592,517,714,655,2 732,507,876,719,3
data/images/vid_1_180.jpg 735,514,860,710,3 370,510,482,678,2 490,512,586,653,2 597,508,715,637,2
data/images/vid_1_185.jpg 372,498,489,658,2 495,495,596,636,2 611,497,714,625,2 717,504,861,698,3
data/images/vid_1_190.jpg 704,501,847,694,3 362,497,472,649,2 478,492,583,630,2 593,494,697,624,2 836,500,935,666,3
data/images/vid_1_195.jpg 671,493,818,688,3 807,486,914,660,3 343,486,451,641,2 468,485,567,623,2 573,482,676,613,2
data/images/vid_1_20.jpg 309,198,489,472,0 504,208,664,463,0 672,213,818,457,0 824,205,995,461,0
data/images/vid_1_200.jpg 317,478,418,633,2 427,476,522,613,2 542,478,639,608,2 636,480,780,683,3 770,472,873,657,3 862,483,998,655,3
data/images/vid_1_240.jpg 312,529,449,712,3 446,520,571,701,3 551,511,689,704,3 630,213,773,462,2 809,204,982,469,2
data/images/vid_1_245.jpg 284,544,430,712,3 434,531,545,703,3 548,519,666,707,3 611,223,753,442,2 795,205,943,458,2
data/images/vid_1_25.jpg 315,207,487,464,0 501,210,651,466,0 674,208,809,461,0 829,214,987,464,0
data/images/vid_1_250.jpg 586,218,722,454,2 760,204,915,469,2 389,535,501,701,3 516,526,632,708,3 286,545,385,720,3
data/images/vid_1_265.jpg 274,517,383,703,3 385,516,502,694,3 461,199,590,449,2 615,194,779,456,2 803,194,958,450,2
data/images/vid_1_270.jpg 398,191,534,450,2 565,189,724,458,2 721,207,887,455,2 317,517,442,704,3
data/images/vid_1_275.jpg 330,186,487,448,2 502,187,684,456,2 679,195,852,445,2 273,505,391,705,3
data/images/vid_1_280.jpg 292,181,436,412,2 464,185,622,436,2 639,188,784,432,2
data/images/vid_1_290.jpg 336,162,498,439,2 499,174,665,425,2
data/images/vid_1_295.jpg 280,158,440,416,2 430,156,599,404,2
data/images/vid_1_30.jpg 315,203,480,462,0 501,210,660,466,0 679,206,812,461,0 824,214,985,468,0
data/images/vid_1_300.jpg 351,148,527,394,2
data/images/vid_1_305.jpg 283,131,448,404,2
data/images/vid_1_35.jpg 315,210,484,473,0 490,207,649,462,0 665,210,815,460,0 833,219,992,463,0
data/images/vid_1_40.jpg 304,203,477,468,0 492,204,652,467,0 652,212,808,466,0 816,216,989,463,0
data/images/vid_1_5.jpg 334,197,505,458,0 505,200,673,464,0 683,208,835,467,0 843,203,995,469,0
data/images/vid_1_505.jpg 627,561,737,707,1 729,533,814,692,1 814,522,912,689,1
data/images/vid_1_510.jpg 542,508,645,699,1 653,504,748,660,1 751,481,835,653,1 840,474,928,624,1
data/images/vid_1_515.jpg 578,481,679,658,1 681,459,776,624,1 783,449,858,605,1 862,439,958,582,1
data/images/vid_1_520.jpg 599,462,702,633,1 707,443,811,606,1 804,433,884,581,1 880,416,993,581,1
data/images/vid_1_525.jpg 622,456,733,624,1 736,435,848,601,1 833,420,929,595,1 920,410,1010,573,1
data/images/vid_1_530.jpg 667,447,773,622,1 777,436,884,601,1 876,422,979,591,1
data/images/vid_1_545.jpg 772,430,889,605,1 873,416,1001,598,1
data/images/vid_1_550.jpg 817,413,935,589,1 929,401,1015,562,1
data/images/vid_1_555.jpg 864,393,987,574,1
data/images/vid_1_575.jpg 492,449,601,639,3 389,443,495,632,3 301,454,399,629,3
data/images/vid_1_585.jpg 564,404,674,583,3 468,401,567,568,3 361,400,457,581,3
data/images/vid_1_600.jpg 426,419,533,585,3 527,404,647,586,3 636,398,743,592,3
data/images/vid_1_605.jpg 464,418,567,588,3 558,405,683,587,3 682,406,786,587,3
data/images/vid_1_610.jpg 499,392,601,570,3 602,387,716,561,3 708,382,834,562,3
data/images/vid_1_615.jpg 541,392,652,562,3 635,378,765,551,3 745,376,872,568,3
data/images/vid_1_620.jpg 592,387,696,568,3 677,376,815,562,3 811,373,924,572,3
data/images/vid_1_70.jpg 399,219,557,480,0 562,219,721,479,0 733,223,893,480,0
data/images/vid_1_790.jpg 849,118,1002,386,3 528,105,639,314,2 636,105,753,317,2 751,120,865,323,2
data/images/vid_1_795.jpg 541,193,651,383,2 652,198,760,393,2 755,210,848,398,2 824,224,993,453,3
data/images/vid_1_80.jpg 330,232,483,485,0 491,241,640,486,0 647,243,821,482,0
data/images/vid_1_800.jpg 791,281,934,501,3 491,244,592,428,2 603,256,704,433,2 704,263,803,437,2
data/images/vid_1_860.jpg 297,257,372,417,0 362,257,436,428,0 440,262,518,441,0 527,267,603,453,0 512,1,637,230,0 414,4,532,218,0 326,24,437,217,0 278,17,354,232,0
data/images/vid_1_870.jpg 344,21,422,211,0 409,17,522,220,0 492,5,602,206,0 595,10,703,205,0 373,255,445,389,0 441,245,521,398,0 501,247,591,424,0 589,258,677,445,0
data/images/vid_1_90.jpg 426,226,567,488,0 582,233,734,489,0 284,228,412,489,0
data/images/vid_1_95.jpg 372,224,514,503,0 536,223,695,482,0 766,541,883,688,2 887,536,984,668,2
data/images/vid_2_1005.jpg 743,30,896,214,2 861,36,978,214,2
data/images/vid_2_1015.jpg 753,36,874,219,2 857,47,962,210,2
data/images/vid_2_1020.jpg 753,33,873,214,2 855,37,967,200,2
data/images/vid_2_975.jpg 732,19,868,174,2 847,18,961,182,2
data/images/vid_2_990.jpg 742,29,893,197,2 860,25,985,195,2
data/images/vid_2_995.jpg 762,22,890,211,2 866,26,983,198,2
data/images/v_300x300.jpg 72,21,214,271,2
data/images/w640.jpg
data/images/Z(1).jpg 6,4,180,264,1
data/images/Z(10).jpg 54,10,173,209,0
data/images/Z(11).jpg 59,6,153,162,0
data/images/Z(12).jpg 99,48,157,139,0
data/images/Z(13).jpg 51,9,172,214,0
data/images/Z(14).jpg 106,82,157,140,0 70,83,109,141,1 32,92,72,140,2 191,88,220,141,3
data/images/Z(15).jpg
data/images/Z(16).jpg 165,43,208,110,2 67,44,111,108,1 13,38,57,107,0 153,127,186,186,3
data/images/Z(17).jpg 54,11,175,209,0
data/images/Z(18).jpg 49,11,175,210,0
data/images/Z(2).jpg 30,1,193,222,1
data/images/Z(3).jpg 60,8,155,164,0
data/images/Z(4).jpg 97,47,159,138,0
data/images/Z(5).jpg 52,9,173,212,0
data/images/Z(6).jpg 107,81,158,142,0 72,84,109,141,1 34,91,71,140,2 193,90,218,137,3
data/images/Z(7).jpg
data/images/Z(8).jpg 51,10,172,211,0
data/images/Z(9).jpg 7,37,58,108,0 68,43,113,107,1 163,43,206,111,2 153,126,188,185,3
data/images/Z.jpg 38,10,186,218,1
